   5.8423101e-01	   6.3595312e-02	   9.0799602e-01	   4.4151131e+00	
   5.8554194e-01	   1.1747163e-01	   9.7059932e-01	   4.3788112e+00	
   6.3279053e-01	   1.0000000e-03	   1.0000000e+00	   4.4772804e+00	
   5.9039548e-01	   5.2471410e-03	   9.0192977e-01	   4.4369387e+00	
   5.8531103e-01	   1.5445658e-02	   1.0000000e+00	   4.4197710e+00	
   5.9042944e-01	   2.4043409e-02	   9.5942030e-01	   4.4374535e+00	
   5.8801789e-01	   1.1965539e-01	   1.0000000e+00	   4.3788112e+00	
   5.8969735e-01	   1.7600889e-01	   1.0000000e+00	   4.3734930e+00	
   5.8425599e-01	   1.7511024e-01	   1.0000000e+00	   4.3734930e+00	
   5.9091812e-01	   1.0000000e-03	   1.0000000e+00	   4.4197710e+00	
   5.8586881e-01	   1.8713132e-01	   9.1620061e-01	   4.4033453e+00	
   3.3838169e-01	   3.8958858e+00	
   3.3600090e-01	   3.8958858e+00	
   2.7167775e-01	   3.8696092e-01	   7.0795879e+00	
   2.6928138e-01	   4.7477738e-01	   7.0813954e+00	
   3.3594332e-01	   5.4254102e-01	   7.0674861e+00	
   2.6928138e-01	   4.7477738e-01	   7.0813954e+00	
   1.0000000e-03	   1.0000000e-03	   1.0000000e-03	   1.0000000e-03	   1.5297078e+01	
   1.0000000e-03	   1.0000000e-03	   1.0000000e-03	   1.0000000e-03	   1.5297078e+01	
   1.0000000e-03	   1.0000000e-03	   1.0000000e-03	   1.0000000e-03	   1.5297078e+01	
   1.0000000e-03	   1.0000000e-03	   1.0000000e-03	   1.2017520e-01	   1.5297078e+01	
   1.0000000e-03	   2.7962726e-01	   1.0000000e-03	   1.0000000e-03	   1.5408593e+01	
   1.0000000e-03	   1.0000000e-03	   1.0000000e-03	   1.0000000e-03	   1.5297078e+01	
   1.0000000e-03	   1.0000000e-03	   1.0000000e-03	   2.5783758e-02	   1.5297078e+01	
   1.0000000e-03	   1.0000000e-03	   1.0000000e-03	   5.9710724e-02	   1.5297078e+01	
   1.0000000e-03	   1.0000000e-03	   1.0000000e-03	   1.9803721e-01	   1.5297078e+01	
   1.0000000e-03	   1.0000000e-03	   1.0000000e-03	   1.0000000e+00	   1.5571533e+01	
   1.0000000e-03	   1.4250000e-02	   1.0000000e-03	   1.0000000e-03	   1.5281948e+01	
   1.0000000e-03	   1.0000000e-03	   1.0000000e-03	   9.6162703e-01	   1.5571533e+01	
   1.0000000e-03	   1.0000000e-03	   1.0000000e-03	   1.0000000e+00	   1.5571533e+01	
   1.0000000e-03	   1.0000000e-03	   1.0000000e-03	   1.0000000e-03	   1.5297078e+01	
   1.0000000e-03	   1.0000000e-03	   1.0000000e-03	   9.6902057e-01	   1.5571533e+01	
   9.2786386e-01	   1.0138706e+00	   1.3185619e+00	   5.9033714e-01	   1.4614915e-01	   8.4643809e-03	  -9.6294166e-02	  -1.6162903e-01	  -3.2032397e-01	   2.0887544e-01	  -1.8628251e+00	  -1.9315403e-01	   1.0913469e+00	  -1.0040836e+00	   1.4005573e+01	
   1.0000000e-03	   1.0000000e-03	   1.0000000e-03	   1.0000000e-03	   1.5297078e+01	
  -1.9532416e-01	  -1.4328361e+00	  -1.3970004e+00	  -1.4470065e+00	  -1.4273533e+00	  -1.7310268e+00	  -1.5058118e+00	  -4.8969084e-01	  -4.0250579e-01	   7.4353498e+00	
   1.1974960e+00	   2.3949923e+00	   2.9252248e+00	   3.4554574e+00	   3.4008158e+00	   2.7218685e+00	   2.0429211e+00	   1.3639737e+00	   6.8502635e-01	   9.2710954e+00	
   1.6300748e-01	   3.5814821e-01	   4.0480440e-01	   5.5909928e-01	   7.5893717e-01	   9.2277324e-02	  -7.1648369e-01	   2.0870724e-01	  -3.2823930e-01	   7.3897270e+00	
   3.6841375e-01	   1.0369501e-01	   7.6381700e-02	   5.3181335e-02	   1.7695832e-01	   5.5095985e+00	
   5.2380115e-01	   8.2123916e-02	   6.7457977e-02	   4.3302549e-02	   4.3974502e-02	   5.5851879e+00	
   5.6838794e-02	  -6.1916890e-02	  -2.3216805e-01	   1.8393242e-01	   8.1880247e-01	   6.1851172e+00	
  -2.2114383e-02	  -4.7773079e-01	  -5.4014209e-01	  -2.8563515e-01	   3.5256021e-01	   5.8231755e+00	
  -8.5624622e-01	  -1.3268388e+00	  -9.4318551e-01	  -6.4741757e-01	  -1.6409290e-01	   6.0419269e+00	
   1.0066521e-01	  -2.4258197e-02	   2.4400746e-01	  -3.0776976e-02	  -9.9082920e-02	  -6.4122153e-01	  -1.1449980e+00	  -1.9614775e+00	  -1.5237514e+00	  -1.2651510e+00	   7.6155318e+00	
  -1.3832784e-01	  -2.9409157e-01	  -1.1350796e+00	  -2.3023771e+00	  -1.7465615e+00	  -1.5709991e+00	  -8.6112029e-01	  -1.2647416e+00	  -1.6372440e+00	  -7.2529807e-01	   8.5524391e+00	
   3.0087584e-01	  -4.3652368e-01	  -6.8133412e-01	  -7.5481061e-01	  -8.3161834e-01	  -8.3297637e-01	  -2.0020962e+00	  -1.0953266e+00	  -4.4862688e-01	  -1.1558862e+00	   8.7437248e+00	
   2.3472186e-01	   1.3358368e+00	   1.8597298e+00	   1.7025806e+00	  -1.8203915e-02	  -2.1026929e+00	  -2.0242504e-01	   2.0200905e-01	   3.2332383e-01	   6.9764639e-02	   1.0995455e+01	
  -5.7310258e-01	   6.8596917e-01	   7.5541764e-01	   8.3953508e-01	  -3.9735828e-01	  -1.2600522e+00	  -1.5251131e+00	  -9.3030924e-01	  -3.2504863e-01	   2.0959914e-01	   8.7349954e+00	
  -3.5478424e-02	   8.6046730e-01	   4.0236736e-01	   7.7633624e-01	   1.0614987e+00	   5.1348119e-01	   2.2379088e-01	   1.8725245e-01	   1.6923647e-01	   3.3088164e-01	   6.7412105e+00	
   1.2461607e+00	   6.1217211e-01	  -4.7972755e-01	  -1.1655875e+00	  -1.1084437e+00	  -1.3574707e+00	  -1.7296781e+00	  -1.6246722e+00	  -1.5146365e+00	  -4.4718870e-01	   8.6607543e+00	
   1.7640776e-01	   3.6784278e-01	   4.6456265e-01	   8.9556528e-01	   5.0180768e-01	  -5.9261901e-01	  -1.4918693e+00	  -4.9528311e-01	   4.1283098e-01	   6.8493958e-02	   8.2288043e+00	
  -1.5093808e+00	  -2.1812558e+00	  -2.0515225e+00	  -1.9160250e+00	  -1.3565811e+00	  -5.2109474e-01	  -7.9132074e-01	  -7.6083391e-01	  -8.3906415e-01	   1.6650990e-01	   8.2811891e+00	
   8.3772128e-01	   8.4142006e-01	   4.2047892e-02	  -8.2567828e-01	  -6.8101157e-01	  -5.3427389e-01	  -6.2857772e-01	  -1.9972232e-01	  -6.4744713e-01	  -2.3798165e-01	   7.3780877e+00	
  -5.8223014e-02	   1.1292900e+00	   7.9729005e-01	   9.3760972e-01	   1.0950580e+00	   9.5790194e-01	   6.7142571e-01	  -1.9428455e-01	  -7.9972708e-01	  -1.2107625e+00	   8.2256572e+00	
  -7.9329933e-01	  -6.0633489e-01	  -4.2342110e-01	  -3.2722750e-01	  -9.6312797e-01	  -7.9884877e-01	  -5.9884103e-01	  -1.6274236e+00	  -8.0992813e-01	  -1.0773239e+00	   3.4644587e+00	
  -1.2810585e+00	  -8.5093744e-01	  -1.4822144e+00	  -1.1789124e+00	  -1.4611247e+00	  -2.4440728e-01	   6.4169884e-02	   1.3554929e-01	   1.0143703e+00	  -9.7341469e-02	   2.7393638e+00	
  -1.0232324e-01	  -1.6220418e-01	  -2.2625214e-01	  -3.1589427e-01	  -3.4298906e-01	  -2.6114135e-01	  -2.4452494e-01	  -2.0252742e-01	  -1.2574210e-01	  -5.1816457e-02	   5.4104623e+00	
  -2.1214247e-01	  -3.7972457e-01	  -2.7948100e-01	   8.3872258e-01	   7.6893068e-01	   3.1807039e-01	   1.1128896e-01	   1.1666068e-01	   5.0435925e-01	   6.1338449e-01	   6.7913401e-01	   4.8612876e-01	   1.1054871e-01	   7.1473728e+00	
  -8.8973752e-03	   3.2578596e-02	  -7.1290892e-03	  -1.2269980e-01	  -3.0587317e-01	  -3.0997755e-01	  -2.8036127e-01	  -3.0715203e-01	  -2.1398129e-01	  -2.4161978e-01	  -2.1297644e-01	  -2.1715780e-01	  -1.1124689e-01	   5.6519184e+00	
  -5.3606486e-01	  -1.3373428e+00	  -1.5728152e+00	  -1.6153391e+00	  -1.7132371e+00	  -1.6282261e+00	  -1.5204734e+00	  -1.3672037e+00	  -9.9950173e-01	  -6.4387560e-01	  -3.3617951e-01	  -6.0671974e-02	  -3.0667216e-02	   6.8243236e+00	
   2.8065252e-01	   3.0579787e-01	   5.1095826e-01	   6.1285015e-01	   9.2477839e-01	   1.7291008e+00	   1.7784373e+00	   1.7890807e+00	   1.6373230e+00	   5.8713868e-01	   3.8739915e-01	   2.7661345e-01	   1.1648592e-01	   7.2988266e+00	
  -3.3674416e-04	   2.0367424e-01	   2.7095522e-01	   3.6695515e-01	   3.4777464e-01	   1.8278424e-01	  -6.2786541e-02	  -3.1871990e-01	  -9.6774740e-02	   2.9565291e-01	   2.1478339e-01	   1.8261952e-01	   1.3563197e-02	   6.1527441e+00	
   1.0000000e-03	   1.0000000e-03	   1.0000000e-03	   1.0000000e-03	   1.5297078e+01	
   1.0000000e-03	   1.0000000e-03	   1.0000000e-03	   4.9291399e-02	   1.5297078e+01	
   1.0000000e-03	   2.8909482e-02	   1.0000000e-03	   9.1561666e-01	   1.5554177e+01	
   1.0000000e-03	   3.2659746e-01	   1.0000000e-03	   3.0194108e-01	   1.5509724e+01	
   4.7484125e-01	   4.2620721e-02	   8.2334563e-02	   9.0957354e-01	   7.9725653e+00	
   1.0000000e-03	   1.0000000e-03	   1.3285185e-01	   1.0000000e+00	   8.4260702e+00	
   3.6905230e-01	   9.6182217e-02	   7.4335475e+00	
   2.4299399e-01	   6.5729137e-03	   1.0000000e-03	   8.7231709e+00	
   3.8355313e-01	   1.8673462e-02	   1.8180395e-02	   8.8125541e+00	
   3.1393786e-01	   1.0000000e-03	   2.6169905e-02	   8.7979377e+00	
   2.2658012e-01	   1.0000000e-03	   1.0000000e-03	   8.8951784e+00	
   3.5838610e-01	   4.3730031e-01	   1.0000000e-03	   9.2760374e+00	
   4.9183364e-01	   1.0000000e-03	   1.0000000e-03	   8.9059628e+00	
   4.9181377e-01	   1.0000000e-03	   1.0000000e-03	   8.9059628e+00	
   3.6032697e-01	   1.3546566e-01	   1.8611926e-01	   9.1580631e+00	
   2.2827470e-01	   2.1300931e-02	   1.0000000e-03	   8.8564377e+00	
   4.9478083e-01	   1.0000000e-03	   1.0000000e-03	   8.9059628e+00	
   4.9740307e-01	   3.2560666e-02	   1.0000000e-03	   1.0000000e-03	   1.3975333e+01	
   4.9635128e-01	   1.4906566e-01	   2.0428009e-02	   8.7821524e-03	   1.4072463e+01	
   8.3668937e-01	   5.0000000e-04	   5.7556058e-01	   1.0000000e+00	   9.8126955e-01	   2.3097713e+01	
