   9.7008096e-01	   1.4784310e+00	
   9.3364560e-01	   1.3009252e-01	   9.5063588e-01	   3.8759782e+00	
   9.4567510e-01	   1.2575743e-01	   1.4397673e-01	   3.9087140e+00	
   8.4732631e-01	   1.2589426e-01	   6.7331697e-01	   3.9013738e+00	
   9.2516255e-01	   1.2400028e-01	   9.2579755e-01	   3.8887327e+00	
   9.3773911e-01	   1.2720461e-01	   4.0994173e-01	   3.8985979e+00	
   8.3545031e-01	   3.6864373e-01	   1.0000000e+00	   3.8978123e+00	
   8.4046093e-01	   2.4298993e-01	   7.4118508e-01	   3.8967554e+00	
   9.3379717e-01	   1.2161841e-01	   9.6926267e-01	   3.8733603e+00	
   9.3357300e-01	   1.2825004e-01	   3.5921766e-01	   3.9096109e+00	
   7.4881421e-01	   1.2255541e-01	   1.0000000e+00	   3.8965978e+00	
   9.3411025e-01	   3.6849069e-01	   1.0000000e+00	   3.8865306e+00	
   9.3195504e-01	   1.3372351e-01	   9.7966958e-01	   3.8733603e+00	
   9.6372515e-01	   1.2015759e-01	   1.0000000e+00	   3.8920649e+00	
   9.4655286e-01	   1.2935925e-01	   6.8239129e-01	   3.8839245e+00	
   4.2703940e-01	   2.4617376e-01	   3.5926677e-01	   3.3202787e+00	
   3.1983326e-01	   3.6685817e-01	   7.3577584e-01	   3.3103819e+00	
   4.1707374e-01	   5.7037909e-01	   9.7018665e-01	   3.3448672e+00	
   6.2445599e-01	   2.4856718e-01	   1.0000000e+00	   3.4667072e+00	
   6.2187432e-01	   3.6864299e-01	   2.1761512e+00	
   5.1814434e-01	   2.1062666e-01	   2.2343943e+00	
   5.3158835e-01	   2.4082472e-01	   2.3157303e+00	
   8.3378517e-01	   5.0410063e-01	   2.4487178e+00	
   8.3205762e-01	   4.2819036e-01	   2.4501511e+00	
   8.3385590e-01	   9.2665989e-01	   1.1873338e-01	   4.5089961e-01	   5.0017420e+00	
   8.3597303e-01	   5.0000000e-04	   3.9868150e-01	   2.6180160e-01	   4.9028659e+00	
   9.4611855e-01	   8.4000903e-01	   7.1768812e-01	   5.0000000e-04	   5.0122270e+00	
   8.3406639e-01	   5.0000000e-04	   3.5503928e-01	   1.4263515e-01	   4.8844452e+00	
   6.1532251e-01	   5.0000000e-04	   1.5763673e-01	   2.1225282e-01	   5.0470748e+00	
   8.3100030e-01	   7.7035779e-01	   2.4233475e-01	   2.4971914e-01	   4.9953608e+00	
   8.3102118e-01	   5.6131596e-03	   5.0000000e-04	   5.0000000e-04	   5.0301783e+00	
   9.4698989e-01	   8.4460665e-01	   5.6703411e-01	   4.2476101e-02	   5.0157775e+00	
   9.4928454e-01	   5.8567939e-01	   7.5682890e-01	   2.2616257e-01	   4.8806782e+00	
   7.2485096e-01	   2.6007391e-01	   1.0000000e+00	   5.0000000e-04	   5.0410674e+00	
   9.5468330e-01	   1.6817632e-01	   5.9975954e-01	   1.7967561e-01	   4.9034619e+00	
   9.4465861e-01	   5.0050000e-01	   9.9105984e-01	   7.2380774e-02	   4.8665702e+00	
   9.4705439e-01	   3.5143022e-01	   4.8655219e-02	   2.6093763e-01	   4.9529070e+00	
   7.7727528e-01	   5.9908715e-01	   5.0421858e-02	   5.1837812e+00	
   5.5078578e-01	   6.8223115e-01	   5.0000000e-04	   5.2220345e+00	
   5.4962594e-01	   7.2052089e-01	   3.4968600e-02	   5.2253608e+00	
   7.7727528e-01	   5.9908715e-01	   5.0421858e-02	   5.1837812e+00	
   5.5078578e-01	   6.8223115e-01	   5.0000000e-04	   5.2220345e+00	
   5.4962594e-01	   7.2052089e-01	   3.4968600e-02	   5.2253608e+00	
   8.8775872e-01	   3.6992106e-01	   1.6549196e-01	   5.2375169e+00	
   1.0000000e+00	   5.0000000e-04	   2.8088427e+00	
   1.0000000e+00	   5.0000000e-04	   2.8088427e+00	
   1.8842400e-01	   2.2743591e+00	
   4.5759075e-02	   2.2743591e+00	
   1.7533304e-01	   2.2743591e+00	
   9.1327071e-01	   1.9341275e+00	
   8.1217307e-01	   1.9316956e+00	
   8.0278840e-01	   1.9316956e+00	
   9.0628990e-01	   1.9341275e+00	
   8.1036713e-01	   1.9316956e+00	
   8.0866648e-01	   1.9316956e+00	
   8.1004966e-01	   1.9316956e+00	
   5.0841249e-01	   3.6885676e-01	   3.8091294e+00	
   5.1165710e-01	   4.3211448e-01	   3.8091294e+00	
   2.1845128e-01	   4.3721902e-01	   3.7186262e+00	
   4.4612817e-01	   1.2692934e-02	   4.6438163e+00	
   5.2332973e-01	   2.4150032e-02	   3.6527150e+00	
   1.0000000e+00	   5.0000000e-04	   3.3090861e+00	
   1.0000000e+00	   5.0000000e-04	   3.3090861e+00	
   3.6600691e-01	   3.1486180e-01	   3.4229747e+00	
   5.4655851e-01	   5.0000000e-04	   3.3057634e+00	
   6.3509678e-01	   5.0000000e-04	   3.0570105e+00	
   5.7741778e-01	   5.0000000e-04	   2.8371825e+00	
   4.8402075e-01	   5.0000000e-04	   2.8280114e+00	
   4.8824964e-01	   5.0000000e-04	   2.8280114e+00	
   7.2726442e-01	   5.0000000e-04	   3.0692218e+00	
   6.3738290e-01	   5.0000000e-04	   3.0570105e+00	
   6.3266579e-01	   5.0000000e-04	   3.0570105e+00	
   9.9586002e-01	   5.0000000e-04	   3.3286312e+00	
   6.3499419e-01	   5.0000000e-04	   3.5282213e+00	
   5.4797321e-01	   5.0000000e-04	   3.5421886e+00	
   1.0000000e+00	   5.0000000e-04	   4.4857864e+00	
   1.0000000e+00	   5.0000000e-04	   3.7212356e+00	
   1.0000000e+00	   5.0000000e-04	   3.7212356e+00	
   7.2653196e-01	   5.1499365e-01	   3.9955765e+00	
   1.0000000e+00	   5.0000000e-04	   4.2926121e+00	
   6.3247112e-01	   5.0000000e-04	   3.7139129e+00	
   2.6515784e-01	   5.0000000e-04	   3.7720780e+00	
   7.2710210e-01	   5.0000000e-04	   3.7443443e+00	
   5.4575316e-01	   5.0000000e-04	   3.7285771e+00	
   6.3697547e-01	   5.0000000e-04	   3.7335301e+00	
   9.9809109e-01	   9.2356682e-04	   3.8084072e+00	
   5.4782369e-01	   5.0000000e-04	   3.7285771e+00	
   7.2786029e-01	   5.0000000e-04	   3.7443443e+00	
   5.4443332e-01	   5.0000000e-04	   3.7285771e+00	
   4.5487274e-01	   5.0000000e-04	   3.7297550e+00	
   1.0000000e+00	   1.0290967e-02	   3.7212356e+00	
   1.0000000e+00	   5.0000000e-04	   3.7212356e+00	
   1.0000000e+00	   5.0000000e-04	   3.7212356e+00	
   1.0000000e+00	   5.0000000e-04	   3.7212356e+00	
   9.0412859e-01	   7.7878220e-03	   3.7098105e+00	
   1.0000000e+00	   5.0000000e-04	   3.7212356e+00	
   1.0000000e+00	   1.1265893e-01	   3.7645178e+00	
   1.0000000e+00	   5.0000000e-04	   3.7212356e+00	
   1.0000000e+00	   5.0000000e-04	   3.7212356e+00	
   1.0000000e+00	   5.0000000e-04	   3.7212356e+00	
   8.1773974e-01	   5.0000000e-04	   3.7045837e+00	
   1.0000000e+00	   5.0000000e-04	   3.7212356e+00	
   1.0000000e+00	   5.0000000e-04	   3.7212356e+00	
   1.0000000e+00	   5.0000000e-04	   3.7601104e+00	
   1.0000000e+00	   5.0000000e-04	   3.8072996e+00	
   7.2336653e-01	   5.0000000e-04	   3.7918049e+00	
   6.3623480e-01	   5.0000000e-04	   3.7994052e+00	
   8.1815601e-01	   3.0607467e-03	   3.9706584e+00	
   1.0000000e+00	   5.0000000e-04	   3.9873102e+00	
   1.0000000e+00	   5.0000000e-04	   3.9873102e+00	
   6.3328938e-01	   2.2137986e-01	   4.0187541e+00	
   9.0953151e-01	   5.0000000e-04	   3.9758852e+00	
   4.5696801e-01	   5.0000000e-04	   4.0135134e+00	
   8.1693099e-01	   5.0000000e-04	   3.9706584e+00	
   9.9872555e-01	   4.0756696e-03	   3.9873102e+00	
   1.0000000e+00	   5.0000000e-04	   3.9873102e+00	
   9.9897068e-01	   5.0000000e-04	   3.9873102e+00	
   1.0000000e+00	   5.0000000e-04	   3.9873102e+00	
   6.3745321e-01	   5.0000000e-04	   3.5082049e+00	
   5.1719556e-01	   5.0000000e-04	   3.3897059e+00	
   4.5362281e-01	   7.2350264e-01	   3.6605835e+00	
   4.5230277e-01	   5.0000000e-04	   3.5293616e+00	
   4.4490463e-01	   5.0000000e-04	   3.4585432e+00	
   2.5908012e-01	   5.0000000e-04	   3.4867041e+00	
   4.5251815e-01	   5.1640930e-04	   2.6478784e+00	
   3.6398368e-01	   5.0000000e-04	   3.5531051e+00	
   4.4387199e-01	   5.0000000e-04	   3.4585432e+00	
   1.0000000e+00	   5.0000000e-04	   4.0332000e+00	
   3.3771688e-01	   1.1547527e-01	   3.4300491e+00	
   5.1406374e-01	   5.0000000e-04	   2.8535363e+00	
   1.5672573e-01	   5.0000000e-04	   3.4286514e+00	
   4.5760094e-01	   5.0000000e-04	   3.5293616e+00	
   5.3319107e-01	   5.0000000e-04	   3.4855439e+00	
   3.4977601e-01	   2.2608372e-01	   3.5305446e+00	
   5.3513973e-01	   5.0000000e-04	   3.4611623e+00	
   6.9716053e-01	   5.0000000e-04	   3.4100077e+00	
   4.2725043e-01	   3.1661747e-01	   3.4425751e+00	
   4.5161629e-01	   3.1018833e-01	   3.5709690e+00	
   3.6197609e-01	   9.6717200e-03	   3.5531051e+00	
   4.5545667e-01	   5.0000000e-04	   3.5293616e+00	
   4.5639811e-01	   6.5162107e-04	   2.9467608e+00	
   5.4660356e-01	   5.0000000e-04	   2.9621832e+00	
   5.4588235e-01	   1.6940646e-02	   2.9822390e+00	
   5.4428361e-01	   5.0000000e-04	   2.9621832e+00	
   4.5216142e-01	   5.0000000e-04	   2.9467608e+00	
   5.4383956e-01	   5.0000000e-04	   2.9621832e+00	
   4.5232361e-01	   5.0000000e-04	   2.9467608e+00	
   3.6655495e-01	   2.1731115e-01	   3.0065114e+00	
   7.2428144e-01	   5.0000000e-04	   2.9378154e+00	
   4.5647274e-01	   1.1638739e-01	   3.5556403e+00	
   6.3786395e-01	   5.0000000e-04	   3.6327407e+00	
   3.3271752e-01	   5.1608549e-01	   3.5643444e+00	
   4.3808633e-01	   5.0000000e-04	   3.4570801e+00	
   1.0000000e+00	   5.0000000e-04	   4.1688293e+00	
   1.0000000e+00	   5.0000000e-04	   4.0330180e+00	
   1.0000000e+00	   5.0000000e-04	   3.9192700e+00	
   1.0000000e+00	   5.0000000e-04	   3.7370726e+00	
   6.3358799e-01	   5.0000000e-04	   3.4654518e+00	
   1.0357039e-02	   5.0000000e-04	   3.4758185e+00	
   3.7613350e-02	   5.0000000e-04	   3.3599862e+00	
   3.6284945e-01	   5.0000000e-04	   3.5330943e+00	
   3.5421321e-01	   5.0000000e-04	   3.4314832e+00	
   5.3081831e-01	   5.0000000e-04	   3.4021552e+00	
   6.3363294e-01	   5.0000000e-04	   3.5899875e+00	
   5.3348717e-01	   5.0000000e-04	   3.4021552e+00	
   6.3246965e-01	   5.0000000e-04	   3.4889899e+00	
   3.6682929e-01	   5.0000000e-04	   3.5250576e+00	
   4.5356117e-01	   5.0000000e-04	   3.4429999e+00	
   5.3216709e-01	   5.0000000e-04	   3.4145511e+00	
   4.4301681e-01	   2.3177842e-01	   3.4535975e+00	
   4.4262179e-01	   5.0000000e-04	   3.3870211e+00	
   4.4127451e-01	   5.0000000e-04	   3.2025744e+00	
   1.0000000e+00	   5.0000000e-04	   3.5498410e+00	
   7.2741237e-01	   1.1424270e-02	   3.3994797e+00	
   7.9149554e-01	   5.0000000e-04	   3.1216643e+00	
   8.7244895e-01	   1.1248780e-01	   3.2026888e+00	
   3.3979747e-01	   5.0000000e-04	   3.1762611e+00	
   3.6025384e-01	   5.0000000e-04	   3.2853227e+00	
   4.4214360e-01	   5.0000000e-04	   3.3256168e+00	
   6.4977365e-02	   5.0000000e-04	   3.3013943e+00	
   2.7572272e-01	   3.1278105e-01	   3.4126425e+00	
   3.6413077e-01	   5.0000000e-04	   3.3643317e+00	
   3.5008684e-01	   5.0000000e-04	   3.2432850e+00	
   2.4825776e-01	   5.0000000e-04	   3.1751850e+00	
   4.3045946e-01	   5.0000000e-04	   3.1494254e+00	
   4.2682215e-01	   5.0000000e-04	   2.7940244e+00	
   4.3066848e-01	   5.0000000e-04	   2.8223555e+00	
   5.1761616e-01	   5.0000000e-04	   3.1047906e+00	
   4.2939706e-01	   5.0000000e-04	   3.1651029e+00	
   5.1978031e-01	   5.0000000e-04	   3.2984023e+00	
   6.2886234e-01	   5.0000000e-04	   3.3800820e+00	
   5.4117846e-01	   5.0000000e-04	   3.4396425e+00	
   3.6321901e-01	   1.6581064e-02	   3.3997789e+00	
   3.6287008e-01	   5.0000000e-04	   3.3766437e+00	
   2.7039370e-01	   5.0000000e-04	   3.4237679e+00	
   1.0000000e+00	   5.0000000e-04	   3.3529743e+00	
   1.0000000e+00	   5.0000000e-04	   3.3529743e+00	
   1.0000000e+00	   5.0000000e-04	   3.3529743e+00	
   1.0000000e+00	   5.0000000e-04	   3.3529743e+00	
   1.0000000e+00	   5.0000000e-04	   3.3529743e+00	
   1.0000000e+00	   5.0000000e-04	   3.3529743e+00	
   1.0000000e+00	   5.0000000e-04	   3.3529743e+00	
   9.9149330e-01	   5.0000000e-04	   3.3465242e+00	
   1.0000000e+00	   5.0000000e-04	   3.8969212e+00	
   8.1450162e-01	   5.0000000e-04	   3.9581032e+00	
   7.2430731e-01	   5.0000000e-04	   3.9453103e+00	
   1.0000000e+00	   5.0000000e-04	   3.3529743e+00	
   1.0000000e+00	   5.0000000e-04	   3.3529743e+00	
   7.8332462e-01	   5.0000000e-04	   3.2844774e+00	
   1.0000000e+00	   5.0000000e-04	   4.0893589e+00	
   8.1827408e-01	   5.0000000e-04	   4.1590153e+00	
   9.0607745e-01	   5.0000000e-04	   4.1464932e+00	
   9.9751034e-01	   5.0000000e-04	   4.1386070e+00	
   1.0000000e+00	   5.0000000e-04	   4.1386070e+00	
   7.2683084e-01	   5.0000000e-04	   4.1760558e+00	
   1.0000000e+00	   5.0000000e-04	   4.1386070e+00	
   8.1753094e-01	   5.0000000e-04	   4.1590153e+00	
   1.0000000e+00	   5.0000000e-04	   4.1386070e+00	
   1.0000000e+00	   5.0000000e-04	   4.1386070e+00	
   1.0000000e+00	   5.0000000e-04	   4.1386070e+00	
   1.0000000e+00	   5.0000000e-04	   4.1386070e+00	
   1.0000000e+00	   5.0000000e-04	   3.9688275e+00	
   1.0000000e+00	   5.0000000e-04	   3.8540365e+00	
   1.0000000e+00	   5.0000000e-04	   3.8540365e+00	
   1.0000000e+00	   7.1492739e-03	   3.2267625e+00	
   8.1689146e-01	   5.0000000e-04	   3.2140154e+00	
   1.0000000e+00	   5.0000000e-04	   3.2267625e+00	
   1.0000000e+00	   2.1614659e-01	   3.2842176e+00	
   1.0000000e+00	   5.0000000e-04	   3.2267625e+00	
   5.4224427e-01	   5.0000000e-04	   3.2495833e+00	
   1.0000000e+00	   5.0000000e-04	   3.2366227e+00	
   1.0000000e+00	   5.0000000e-04	   3.2366227e+00	
   1.0000000e+00	   5.0000000e-04	   3.2366227e+00	
   8.1713357e-01	   5.0000000e-04	   3.2178456e+00	
   4.5252944e-01	   5.0000000e-04	   3.3337657e+00	
   4.5234975e-01	   5.0000000e-04	   3.3337657e+00	
   9.0520294e-01	   5.0000000e-04	   3.3062540e+00	
   3.3832604e-01	   5.0000000e-04	   3.4352318e+00	
   5.7080682e-01	   7.1538077e-01	   3.0934935e+00	
   5.5940419e-01	   6.1330154e-01	   3.0934935e+00	
   3.5437625e-01	   5.0000000e-04	   3.4084403e+00	
