   3.6553784e-01	   4.3280375e-01	   1.3369901e-01	   3.3122361e-01	   8.5411323e+00	
   3.6826174e-01	   1.0000000e-03	   1.0000000e-03	   1.8092686e-03	   7.9807056e+00	
   1.0000000e-03	   1.0000000e-03	   1.0000000e-03	   3.7163843e-01	   8.4088261e+00	
   2.6530183e-01	   1.0000000e-03	   1.0000000e-03	   7.9621418e+00	
   1.0000000e-03	   1.0000000e-03	   7.7859545e+00	
   2.6725163e-01	   1.0000000e-03	   7.3392702e+00	
   1.0000000e-03	   1.0000000e-03	   7.7859545e+00	
   1.5302642e-01	   1.0000000e-03	   7.4363343e+00	
   3.8274632e-01	   5.0000000e-04	   1.0000000e+00	   9.9214240e-01	   9.2482179e-01	   2.2487636e+01	
   2.2741445e-01	   5.0000000e-04	   5.0000000e-04	   1.0000000e+00	   6.8131640e-01	   2.2739374e+01	
   9.0902024e-02	   5.0000000e-04	   1.7877381e-01	   4.7227734e-01	   7.8345260e-01	   2.3095838e+01	
   5.0000000e-04	   5.0000000e-04	   5.0000000e-04	   9.6695875e-01	   1.7420686e+01	
   2.3032109e-01	   5.0000000e-04	   5.0000000e-04	   1.2872745e+01	
   8.0720806e-02	   5.0000000e-04	   6.6103024e-01	   5.0000000e-04	   6.3516656e-01	   2.0464547e+01	
   5.9860868e-01	   4.2931047e-02	   3.2536615e-01	   7.6958438e+00	
   5.0000000e-04	   5.0000000e-04	   7.8736763e-01	   3.3042862e-01	   1.7015699e+01	
   5.0000000e-04	   5.0000000e-04	   1.0000000e+00	   5.0000000e-04	   1.6152190e+01	
   2.9966319e-01	   5.0000000e-04	   1.0000000e+00	   5.0000000e-04	   1.5299923e+01	
   1.5477601e-01	   5.0000000e-04	   1.0000000e+00	   5.0000000e-04	   8.8517604e-01	   2.1006779e+01	
   8.6928029e-01	   1.0000000e+00	   2.5610833e-02	   1.0405881e+01	
   2.7309609e-01	   4.0553682e+00	
   2.7563809e-01	   4.0553682e+00	
   1.0000000e+00	   5.0000000e-04	   8.2868732e+00	
   6.5315786e-01	   5.0000000e-04	   8.1313242e+00	
   1.0000000e+00	   5.0000000e-04	   8.2868732e+00	
   1.1653839e-01	   1.3018781e-01	   9.6436259e-01	   1.2776392e+01	
   4.7889953e-01	   4.1062162e-01	   7.7253804e-01	   5.7954387e-01	   1.3937508e+01	
   8.6607465e-01	   1.0000000e+00	   1.4068051e-01	   9.4435782e-01	   1.2936563e+01	
   9.3396802e-01	   1.0000000e+00	   9.4569216e-02	   9.6058080e-01	   1.0000000e+00	   1.4538910e+01	
   5.0000000e-04	   5.0000000e-04	   6.1066734e+00	
   5.0000000e-04	   5.0000000e-04	   7.0565882e+00	
   1.0000000e+00	   2.5797554e-02	   5.5658439e+00	
   9.2086594e-01	   3.1938680e-01	   5.6284879e+00	
   1.0000000e+00	   5.0000000e-04	   1.0000000e+00	   9.9140214e+00	
   1.0000000e+00	   7.8756370e-03	   1.0000000e+00	   9.9140214e+00	
   1.0000000e+00	   8.5676067e-02	   1.0000000e+00	   9.9681363e+00	
   1.0000000e+00	   5.0000000e-04	   1.0000000e+00	   9.9140214e+00	
   1.0000000e+00	   5.0000000e-04	   1.0000000e+00	   9.9176064e+00	
   5.0000000e-04	   1.5814387e-01	   5.8773504e+00	
   3.5042263e-01	   5.2048776e-01	   5.0000000e-04	   8.4792104e+00	
   5.0000000e-04	   7.1992384e-01	   4.5307610e-01	   7.4797950e+00	
   7.0807308e-01	   2.0631550e-01	   1.0082557e-01	   7.8395892e+00	
   7.0588211e-01	   2.3457613e-01	   9.1449441e-02	   7.8397066e+00	
   6.3575945e-01	   2.4179142e-01	   1.7272598e-01	   7.8509038e+00	
   6.3668373e-01	   2.6659723e-01	   3.5058011e-01	   7.8604422e+00	
   6.3494459e-01	   3.0057671e-01	   4.5264062e-01	   7.8867971e+00	
   6.3641480e-01	   6.0383405e-01	   2.1315690e-01	   7.8980994e+00	
   7.7474830e-01	   2.3290128e-01	   2.1444625e-01	   7.9028212e+00	
   6.3672013e-01	   3.4699455e-01	   9.6878587e-02	   7.8409518e+00	
   6.9963034e-01	   2.6795769e-01	   1.0979981e-01	   7.8573493e+00	
   5.0000000e-04	   7.2459194e-01	   8.1284358e-01	   5.0000000e-04	   1.0991540e+01	
   1.5299035e-01	   1.4968006e-01	   9.0650288e-01	   8.3284490e+00	
   5.0000000e-04	   1.5276135e-01	   1.0000000e+00	   8.3878955e+00	
   5.0000000e-04	   8.6622433e-02	   1.0000000e+00	   1.0000000e+00	   9.8336776e+00	
   7.8637810e-01	   1.0000000e+00	   4.1895635e+00	
   8.1328073e-01	   1.0000000e+00	   4.1896333e+00	
   1.0000000e+00	   1.0000000e+00	   5.0000000e-04	   8.9052191e+00	
   1.5655476e-01	   1.5166208e-02	   6.3778880e+00	
   1.0834546e-02	   5.0000000e-04	   6.3783981e+00	
   2.7085083e-01	   8.7704256e-01	   4.9240752e+00	
   1.0000000e+00	   5.0000000e-04	   9.8159173e-01	   6.8028287e+00	
   5.0816508e-02	   5.0810995e+00	
   7.2680954e-02	   5.0810995e+00	
   8.3973946e-01	   4.8317358e+00	
   9.1848211e-01	   4.8317358e+00	
   9.8801990e-01	   4.6418861e+00	
   1.0000000e+00	   4.6418861e+00	
   1.0000000e+00	   4.6180464e-01	   2.8081636e+00	
   8.9873717e-01	   9.4362717e-01	   6.4147749e+00	
   8.9540783e-01	   1.0000000e+00	   6.4132307e+00	
   8.9472597e-01	   1.0000000e+00	   6.4132307e+00	
   8.6471459e-01	   1.0000000e+00	   4.6881812e-01	   9.9200544e+00	
   1.0000000e+00	   5.0000000e-04	   2.1642239e-01	   5.0000000e-04	   1.8190510e+01	
   1.0000000e+00	   5.0000000e-04	   1.8625981e-02	   2.6437334e-01	   1.8310029e+01	
   9.9920670e-01	   5.0000000e-04	   3.9268735e-01	   5.0000000e-04	   1.7885891e+01	
   5.0000000e-04	   5.0000000e-04	   3.2251220e-01	   5.0000000e-04	   1.0000000e+00	   2.3418004e+01	
   1.0000000e+00	   5.0000000e-04	   4.2838771e-01	   5.0000000e-04	   1.0000000e+00	   2.2236004e+01	
   1.0000000e+00	   5.0000000e-04	   5.0000000e-04	   1.8479751e-01	   1.0000000e+00	   2.2239481e+01	
   1.0000000e+00	   5.0000000e-04	   1.0000000e+00	   1.8434944e-01	   1.0000000e+00	   2.2122945e+01	
   1.0000000e+00	   7.0942129e-01	   4.9371512e+00	
   5.0000000e-04	   4.0239966e-01	   7.1479586e+00	
   7.1606838e-01	   5.4246193e+00	
   1.4926352e-01	   3.5015479e+00	
   7.8925534e-01	   5.4176324e+00	
   1.0465390e-01	   9.9980704e-01	
   4.3341422e-01	   1.5148646e+00	
   9.1820427e-01	   2.8507470e+00	
   5.8185805e-01	   5.6624174e-01	   3.0905140e+00	
   4.7815323e-01	   2.4280990e-01	   3.3386279e+00	
   4.8456465e-01	   1.1522643e+00	
   4.8123679e-01	   1.1522643e+00	
   8.0235927e-01	   1.8747498e+00	
   7.0422904e-01	   1.5545145e+00	
   1.6256062e-02	   1.9234616e+00	
   9.7943563e-01	   1.4270332e+00	
   3.5198368e-01	   1.2949284e+00	
   4.5734868e-01	   1.2949296e+00	
   8.8301903e-01	   8.3039364e-01	   2.4126946e+00	
   7.2497313e-01	   8.4720702e-01	   2.4118252e+00	
   7.2601865e-01	   8.4371250e-01	   2.4118252e+00	
   8.8317108e-01	   5.9422584e-01	   2.4445414e+00	
   5.6929837e-01	   8.3588020e-01	   2.4124222e+00	
   8.8242336e-01	   8.3987548e-01	   2.4126946e+00	
   8.7992384e-01	   8.4711092e-01	   2.4126946e+00	
   7.1661300e-01	   8.3766775e-01	   2.4118252e+00	
   9.4272904e-01	   9.1096529e-01	   2.4184898e+00	
   7.0833480e-01	   9.0486294e-01	   2.4104451e+00	
   4.9100062e-01	   7.0780279e-01	   2.4463254e+00	
   5.1246478e-01	   9.0142978e-01	   2.4283698e+00	
   5.0911967e-01	   9.0178551e-01	   2.4134981e+00	
   4.0248146e-01	   1.2879731e+00	
   4.1748268e-01	   1.2865368e+00	
   7.8472698e-01	   7.2471445e-01	   2.4795555e+00	
   6.7687112e-01	   8.5907688e-01	   3.1307357e-02	   3.3728707e+00	
   1.9431086e-01	   1.9018009e+00	
   1.9083702e-01	   1.9018009e+00	
   1.8245549e-01	   1.9018009e+00	
   1.8245437e-01	   1.9018009e+00	
   1.9023509e-01	   1.9018009e+00	
   8.6554153e-03	   2.8569208e+00	
   7.4336533e-01	   4.5378323e-01	   5.0000000e-04	   3.7086445e+00	
   7.3954527e-01	   2.2608691e-01	   1.2535737e-01	   3.6373315e+00	
   2.1242483e-01	   1.4440959e+00	
   2.1581527e-01	   1.4440959e+00	
   2.1110435e-01	   1.4440959e+00	
   2.1092234e-01	   1.4440959e+00	
   4.3407664e-01	   7.2278205e-01	   2.4739187e+00	
   2.9041037e-01	   5.4210436e-01	   2.5167147e+00	
   3.9548693e-01	   6.8314592e-01	   2.4357499e+00	
   4.0351022e-01	   6.9344262e-01	   2.4357499e+00	
   3.8683751e-01	   5.5347814e-01	   2.4550732e+00	
   1.7539600e-03	   1.7288435e+00	
   1.1117833e-01	   1.7288435e+00	
