   2.3605978e-01	   3.7612288e-01	   4.5946560e-01	   6.8127850e-01	   8.2276645e-01	   9.3318054e-01	   9.1228332e-01	   7.6034973e-01	   6.9716648e-01	   5.5900745e-01	   3.9323087e-01	   2.1361440e-01	   7.0822483e-02	   5.7212705e+00	
  -7.4974516e-02	  -1.1184268e-01	  -1.0794301e-01	  -1.2445035e-01	  -2.1126313e-01	  -3.0610254e-01	  -3.4329744e-01	  -4.2674381e-01	  -3.7211757e-01	  -3.3908436e-01	  -2.8936446e-01	  -9.4363760e-02	  -4.1903661e-02	   5.4617702e+00	
  -2.2578787e-01	  -3.9259880e-01	  -5.2661650e-01	  -5.7710968e-01	  -5.9793577e-01	  -5.5270782e-01	  -5.2460524e-01	  -4.6325590e-01	  -4.4295360e-01	  -4.0642981e-01	  -3.1757963e-01	  -2.3909617e-01	  -5.9054561e-02	   5.5552885e+00	
   9.0691426e-02	   1.4276186e-01	   2.7644005e-01	   3.1209718e-01	   3.3723478e-01	   3.3929870e-01	   3.1135118e-01	   2.9579495e-01	   2.9370870e-01	   2.6406840e-01	   2.2048349e-01	   1.7322557e-01	   8.2583245e-02	   5.4354133e+00	
  -3.1310786e-02	  -1.9663868e-02	  -6.9017451e-03	   1.5546804e-02	   1.1489685e-01	   1.4809324e-01	   2.5745458e-01	   2.4995614e-01	   2.6737886e-01	   2.4258881e-01	   1.8337068e-01	   4.6402558e-02	  -1.0509456e-02	   5.4232228e+00	
   9.1655238e-02	   2.0133803e-01	   3.2585382e-01	   4.7682099e-01	   5.6536008e-01	   5.9601201e-01	   6.0517615e-01	   5.7172708e-01	   5.5653321e-01	   4.1449071e-01	   3.4728724e-01	   2.5909915e-01	   1.0497263e-01	   5.5439919e+00	
   1.0419317e-01	   2.5156860e-01	   3.6309862e-01	   4.4813401e-01	   4.4533842e-01	   4.6462790e-01	   4.3613073e-01	   4.1074066e-01	   2.8712212e-01	   2.2712304e-01	   2.5158249e-01	   1.7079475e-01	   5.3326726e-02	   5.4836683e+00	
  -3.5127575e-01	  -6.9086202e-01	  -1.1849661e+00	  -1.5855383e+00	  -1.9478370e+00	  -1.7459339e+00	  -2.6612642e+00	  -4.6115991e-01	  -3.1134882e-01	   1.3579935e+00	   8.8005473e-01	   7.2435517e-01	   1.8249469e-02	   5.8820836e-01	
  -3.3479767e-01	  -5.2530094e-01	  -1.1020062e+00	  -1.0404478e+00	  -2.6916996e-01	  -4.0982441e-01	  -1.1328523e+00	  -6.1487518e-01	  -6.5386541e-01	  -1.5265559e+00	  -5.6550522e-01	  -1.3681852e+00	  -7.4786153e-01	   2.7736891e+00	
  -7.2048264e-01	  -8.7761127e-01	  -8.6908320e-02	  -1.6866467e+00	  -1.8763688e+00	  -1.2716280e+00	  -8.6762145e-01	  -5.1353248e-01	  -2.1681713e-01	  -1.0973565e-01	  -2.2237833e-01	   2.9809848e-01	   2.1871931e-01	   8.8673787e+00	
  -3.7271065e-01	  -7.3192412e-01	  -9.1396678e-01	  -1.1141637e+00	  -1.0648627e+00	  -1.1499997e+00	  -1.1636152e+00	  -1.1826726e+00	  -1.1191491e+00	  -1.2388601e+00	  -1.3466471e+00	  -1.1358498e+00	  -7.4568857e-01	   6.8489529e+00	
  -2.4590379e-01	  -3.8658602e-01	  -3.9780575e-01	  -5.0148417e-01	  -3.2178849e-01	  -1.4665006e-01	   4.4483041e-02	   2.3233631e-01	  -1.2632126e-03	   9.9937157e-02	   1.4189690e-01	   1.7650604e-01	   6.6796505e-02	   5.8955087e+00	
  -2.1369556e-01	  -8.5059138e-01	  -1.0916585e+00	  -1.3728903e+00	  -1.5011679e+00	  -1.5946696e+00	  -1.4840261e+00	  -1.3826695e+00	  -1.2644437e+00	  -7.0925880e-01	  -5.2741992e-01	  -1.6637183e-01	  -1.2700941e-01	   6.6977428e+00	
  -4.4109974e-01	  -1.0524738e+00	  -1.3096845e+00	  -1.4633280e+00	  -1.9514821e+00	  -2.1491244e+00	  -2.0654762e+00	  -1.9215862e+00	  -1.7194233e+00	  -1.2559581e+00	  -8.1902905e-01	  -3.6193814e-01	  -2.2392525e-01	   7.3435900e+00	
  -3.5439999e-01	  -3.7856717e-01	  -3.7939877e-01	  -6.1597783e-01	  -1.0898162e+00	  -1.1175455e+00	  -1.1506562e+00	  -7.0653308e-01	  -2.3228426e-01	  -5.3869627e-02	  -6.1804557e-02	  -7.3266777e-02	  -1.0726456e-01	   6.5129660e+00	
  -7.9872335e-02	  -5.8206079e-01	  -1.4254620e+00	  -1.8681783e+00	  -2.1054292e+00	  -2.0154049e+00	  -1.3959792e+00	  -5.9145479e-01	  -1.6993761e-01	   5.8583142e-02	   2.3338716e-01	   4.6153036e-01	   9.0463207e-02	   7.8464669e+00	
  -3.8732846e-01	  -9.4976169e-01	  -1.3801651e+00	  -1.8552104e+00	  -2.0673565e+00	  -2.2225451e+00	  -2.3693765e+00	  -2.0333402e+00	  -1.9631600e+00	  -1.6072056e+00	  -7.3244086e-01	  -4.3819881e-01	  -5.6371752e-02	   7.5078819e+00	
  -9.1113799e-02	  -2.5412738e-01	  -2.2204560e-01	  -2.5689713e-01	  -3.0089524e-01	  -4.9866212e-01	  -5.3093591e-01	  -4.5155187e-01	  -4.3647966e-01	  -4.6980485e-01	  -1.7430841e-01	   1.0322076e-01	   3.4192841e-02	   5.9792113e+00	
   1.5405231e-01	   4.3665753e-01	   3.9513265e-01	   1.6597007e-01	   9.0501000e-02	  -2.0665840e-01	  -1.7401253e-01	  -2.3063746e-01	  -2.5605376e-01	  -4.2365353e-01	  -6.1655800e-01	   8.4232887e-02	   3.3913975e-02	   6.6014173e+00	
  -1.9768281e-01	  -5.1622438e-01	  -6.3393858e-01	  -8.8222726e-01	  -8.5982654e-01	  -7.3545225e-01	  -4.0611141e-01	  -2.6756660e-01	  -2.5309586e-01	  -2.3658357e-01	  -2.1809980e-01	  -2.1531035e-01	  -4.7860568e-02	   6.2303009e+00	
  -2.1169410e-01	  -4.8846847e-01	  -5.9954355e-01	  -9.6108555e-01	  -1.1632519e+00	  -1.6262153e+00	  -1.6755808e+00	  -1.4097600e+00	  -8.2183978e-02	   3.2650358e-01	   6.8846435e-01	   1.9692830e-01	   2.5650435e-02	   7.7562623e+00	
  -3.7178900e-01	  -6.2165806e-01	  -8.8052261e-01	  -9.6326486e-01	  -1.0816705e+00	  -8.7097577e-01	  -8.1067400e-01	  -8.0970961e-01	  -6.3037879e-01	  -4.7829330e-01	  -3.2700491e-01	  -2.2751330e-01	  -2.2145703e-02	   6.1455757e+00	
  -4.4782743e-01	  -5.0750051e-01	  -7.7323472e-02	   2.4470064e-02	   7.1873754e-02	   1.9944700e-01	  -1.2800112e-01	  -5.2202102e-01	  -5.1285823e-01	  -5.4300770e-01	  -3.9330055e-01	  -3.4116500e-01	  -4.2430461e-02	   6.6472791e+00	
  -2.9743094e-02	  -9.9044088e-02	  -9.3259175e-02	  -2.3238375e-01	  -3.5621006e-01	  -4.0551034e-01	  -2.5693005e-01	  -2.4771231e-01	  -2.7182533e-01	  -2.6154174e-01	  -8.7097284e-02	  -2.6368735e-02	   1.6033598e-02	   5.8946551e+00	
  -3.4381117e-01	  -4.8045997e-01	  -8.8751919e-01	  -9.0084258e-01	  -1.0236894e+00	  -1.1970973e+00	  -1.1535297e+00	  -1.3969211e+00	  -1.0358653e+00	  -1.1139770e+00	  -7.7605112e-01	  -5.3955596e-01	  -3.0155150e-01	   6.7293269e+00	
  -1.5580927e-01	  -3.2606581e-01	  -5.2063979e-01	  -5.9480725e-01	  -9.2107823e-01	  -9.8249281e-01	  -9.0438428e-01	  -7.9059617e-01	  -6.2510403e-01	  -5.3035416e-01	  -5.0890018e-01	   9.9468695e-02	   9.3305405e-02	   6.3775631e+00	
   1.4093844e-01	   6.5561345e-01	   1.0017944e+00	   1.4017654e+00	   1.6470546e+00	   1.7550333e+00	   4.3593530e-01	   2.4954565e-01	   1.8202035e-01	   1.6373406e-01	   6.3327055e-02	   1.0639521e-01	   1.5356334e-02	   7.0656491e+00	
  -5.6542010e-03	  -1.0806058e-02	   1.0076532e-01	   1.4114559e-02	   7.0030125e-01	   1.8233046e+00	   1.9583554e+00	   1.9537442e+00	   1.8211486e+00	   1.7388988e+00	   1.4536726e+00	   8.0978994e-01	   1.4629537e-01	   7.6626928e+00	
  -2.1299188e-02	  -2.2774845e-01	  -5.0660690e-01	  -7.4194325e-01	  -8.1804339e-01	  -7.2502829e-01	  -5.6697773e-01	  -4.0134623e-01	  -7.1404794e-02	  -2.4533365e-02	  -1.0179871e-01	  -1.4188033e-01	  -6.8528891e-02	   5.8750956e+00	
   1.7490798e-01	   2.2886079e-01	   2.8742346e-01	   3.6371727e-01	   4.1224073e-01	   3.1228929e-01	   2.0546177e-01	   1.8807610e-01	  -1.8590405e-02	   2.1404337e-01	   2.2615515e-01	   1.8296421e-01	   8.0586138e-02	   5.8724849e+00	
  -3.1515724e-01	  -3.0138072e-01	  -3.3621323e-01	  -3.0776960e-01	  -4.0381927e-01	  -5.1480947e-01	  -6.0076836e-01	  -6.6518909e-01	  -6.6311845e-01	  -6.9853177e-01	  -5.4871225e-01	  -6.2390536e-01	  -1.5025718e-01	   5.9893585e+00	
   7.8425610e-02	  -7.5086127e-02	  -8.1637960e-02	  -3.5356880e-01	  -4.8078585e-01	  -6.3078186e-01	  -6.1282797e-01	  -8.2242800e-01	   2.1430167e-01	   4.1485909e-01	   4.8146352e-01	   5.0520213e-01	   2.6827391e-01	   6.6420090e+00	
   1.9038506e-01	   6.1209661e-01	   7.1914438e-01	   8.5695179e-01	   5.9708396e-01	   3.7302763e-01	   1.7646088e-01	   6.1565642e-02	  -8.9045337e-02	  -4.6045481e-02	  -2.3987159e-01	  -1.0596122e-01	   1.0830471e-02	   6.0162251e+00	
  -9.7746077e-02	  -2.2532032e-01	  -5.5979981e-01	  -8.7751025e-01	  -1.0669071e+00	  -1.0363410e+00	  -8.8963658e-01	  -7.5383130e-01	  -2.9940559e-01	  -5.3745095e-01	  -5.9402109e-01	  -2.6530995e-01	  -8.7248327e-02	   6.2723305e+00	
  -1.2733180e-02	   1.2695832e-01	   1.0019797e-01	  -2.8732432e-04	  -5.2475045e-01	  -9.2153871e-01	  -1.1706572e+00	  -1.2481368e+00	  -1.2312222e+00	  -1.0288504e+00	  -8.3454554e-01	  -5.7990550e-01	  -3.0245706e-01	   6.5198829e+00	
  -3.3763070e-01	  -6.5460811e-01	  -7.5449751e-01	  -7.4212108e-01	  -6.3121367e-01	  -4.0853704e-01	  -3.5707061e-01	  -2.3013833e-01	  -2.4171276e-01	  -1.0997408e-01	  -6.1167063e-02	  -2.7428366e-02	  -3.4674753e-02	   5.8119270e+00	
  -1.7610200e-01	  -3.7463416e-01	  -5.0699522e-01	  -6.5368644e-01	  -7.6288901e-01	  -6.6762199e-01	  -4.1443879e-01	  -3.5435716e-01	  -4.2821449e-02	   3.0753618e-01	   5.2676710e-01	   4.6447674e-01	   3.2730734e-01	   6.1216075e+00	
   8.3156822e-04	  -7.6266046e-02	  -2.5364521e-01	  -5.4981142e-01	  -8.3056492e-01	  -9.9899981e-01	  -1.0478831e+00	  -1.1561298e+00	  -1.1156664e+00	  -6.8637465e-01	  -3.7281661e-01	  -3.3608012e-01	  -2.1436973e-01	   6.1474140e+00	
  -2.0297088e-01	  -4.8118096e-01	  -5.5638507e-01	  -6.9782648e-01	  -6.7675480e-01	  -4.1319605e-01	  -4.5558248e-01	  -3.8977864e-01	  -2.7516073e-01	  -3.4917319e-01	  -1.6415759e-01	   8.8702019e-02	  -1.2698324e-01	   5.8498257e+00	
  -1.2364192e-01	  -2.6087876e-01	  -2.5031295e-01	  -3.1141670e-01	  -5.1350513e-01	  -4.7181367e-01	  -1.8866148e-01	  -1.9384952e-01	  -1.4863646e-01	   4.9698904e-02	   1.4275581e-01	   1.8002144e-01	   2.7000429e-02	   5.7209077e+00	
  -1.1755920e-01	  -1.1495202e-01	  -4.9959720e-01	  -9.5045507e-01	  -7.8832880e-01	  -7.0553289e-01	  -6.2300572e-01	  -4.9555755e-01	  -1.2069284e-01	   1.5312500e-01	   2.4281435e-01	   1.5584274e-01	   1.0730951e-01	   6.1727314e+00	
  -2.2519934e-01	  -5.1065715e-01	  -3.7542397e-01	  -1.8564553e-01	  -8.0389581e-02	   5.4663673e+00	
  -4.5123399e-01	  -5.9729091e-01	  -4.2809463e-01	  -3.0071013e-01	  -1.9665213e-01	  -4.1178824e-01	   5.8554619e+00	
   4.3791389e-01	   8.5481775e-01	   4.7844509e-01	   2.0851362e-01	   9.6583711e-02	   1.2060512e-01	   5.7235817e+00	
  -2.4520056e-01	  -5.4304786e-01	  -4.7826939e-01	  -4.0809248e-01	  -2.5337479e-01	   8.4014965e-02	   5.5454337e+00	
   5.0094430e-01	   8.9388809e-01	   1.3196407e+00	   1.7278764e+00	   1.7287546e+00	   1.5108257e+00	   1.0121618e+00	   3.1660895e-01	   6.6683813e+00	
  -3.0270920e-01	  -4.3722379e-01	  -6.2845654e-01	  -9.3470075e-01	  -5.3760161e-01	  -2.2388091e-01	  -1.3570700e-01	   2.7931683e-02	   5.9003520e+00	
  -3.2280954e-01	  -7.3885782e-01	  -9.8409093e-01	  -1.0480687e+00	  -1.0507173e+00	  -7.6190292e-01	  -5.8717359e-01	   1.1788092e-01	   6.1851529e+00	
   2.5970732e-01	   8.1623030e-01	   8.4841260e-01	   4.6147274e-01	   4.3511013e-01	   3.3377134e-01	   1.9242431e-01	   1.5968136e-01	   5.7957198e+00	
   1.6930319e+00	   1.7701830e+00	   1.7812783e+00	   1.7280140e+00	   8.5357921e-01	   7.6630030e-01	   7.6732182e-01	   5.7370287e-01	   7.5147108e+00	
   4.5079610e-01	   1.0608912e+00	   1.5349339e+00	   1.7475102e+00	   1.7567293e+00	   1.7364979e+00	   1.4804784e+00	   1.0875525e+00	   6.8006264e+00	
   4.6190438e-01	   8.2167203e-01	   8.4978499e-01	   4.5051253e-01	   1.8318090e-01	   7.5538839e-02	   3.7435755e-02	   1.2244104e-01	   5.8250686e+00	
   1.0601590e-01	   6.4687377e-01	   9.3985140e-01	   4.9182299e-01	   4.3989134e-01	   5.9627148e-01	   5.1138385e-01	   4.6000428e-01	   5.9888107e+00	
   4.7084632e-01	   7.8380194e-01	   8.6831434e-01	   3.7582658e-01	   2.5648274e-01	   2.0231241e-01	   5.1796890e-01	   4.6218782e-01	   6.0424385e+00	
   1.5664223e-01	   2.7453866e-01	   7.8707621e-01	   1.7841881e+00	   8.3175691e-01	   4.3897165e-01	   1.9241354e-01	   1.0595925e-01	   7.2350173e+00	
   9.1094611e-02	   1.4343736e-01	   2.3775208e-01	   2.7032816e-01	   4.4595668e-01	   5.5610636e-01	   5.4790423e-01	   4.3549896e-01	   5.5725406e+00	
  -2.6554146e-02	  -1.1249002e-01	  -1.9344064e-01	  -3.0218945e-01	  -4.8031113e-01	  -2.3277534e-01	  -2.1690740e-01	  -2.5355982e-01	   5.6331751e+00	
   4.5876299e-01	   8.9962462e-01	   1.2389089e+00	   1.7278950e+00	   1.8269175e+00	   1.6715657e+00	   1.2846359e+00	   7.3597320e-01	   6.6428549e+00	
  -1.6768785e-01	  -4.3309070e-01	  -5.3825455e-01	  -4.9494050e-01	  -2.6995594e-01	  -2.6851711e-01	  -2.6748661e-01	  -1.7294019e-01	   5.6455914e+00	
   1.0000000e-01	   1.0000000e-01	   1.0000000e-01	   1.0000000e-01	   1.0000000e-01	   1.0000000e-01	   1.0000000e-01	   1.0000000e-01	   5.3771715e+00	
   1.0000000e-01	   1.0000000e-01	   1.0000000e-01	   1.0000000e-01	   1.0000000e-01	   1.0000000e-01	   1.0000000e-01	   1.0000000e-01	   5.3771715e+00	
   1.0000000e-01	   1.0000000e-01	   1.0000000e-01	   1.0000000e-01	   1.0000000e-01	   1.0000000e-01	   1.0000000e-01	   1.0000000e-01	   5.3771715e+00	
   4.6295823e-01	  -1.0340844e+00	  -6.0369555e-01	  -8.8524347e-01	  -9.7499262e-01	  -2.1855183e+00	  -8.7998338e-01	  -7.0440863e-01	   8.8164728e+00	
   1.0898188e+00	   7.6139685e-01	   1.4671229e+00	   5.5305854e-01	  -6.2737896e-01	  -6.9107459e-01	  -1.2987334e+00	  -8.2231813e-01	   8.9350281e+00	
   1.2800192e+00	  -1.4199238e+00	  -5.1827973e-01	  -2.0069554e+00	  -1.6787987e+00	  -1.6533029e+00	  -1.0930207e-01	  -2.5916731e-01	   1.1167666e+01	
   2.4911039e-01	  -2.5415918e-02	  -9.3678114e-01	  -9.5604244e-01	  -2.4997257e-01	   7.9176165e-01	   7.3616035e-01	   5.8546170e-01	   7.1610656e+00	
  -3.7302419e-01	  -4.5470465e-01	  -6.0585854e-01	  -3.3046221e-01	   7.6341468e-02	  -3.0213695e-03	   2.0838537e-02	   1.4579865e-01	   5.7131541e+00	
   3.6282009e-01	   7.6570382e-01	   9.0406806e-01	   4.5484087e-01	   4.0248193e-03	  -9.0483329e-02	  -1.5126382e-01	   1.2474356e-01	   5.9843264e+00	
  -1.6437558e+00	  -1.7359434e+00	  -1.8769946e+00	  -1.8932622e+00	  -1.4202664e+00	  -9.9645099e-01	  -4.7387948e-01	  -1.4698324e-01	   7.2666578e+00	
   2.5725358e-01	   7.7927775e-01	   1.5697950e+00	   1.7507913e+00	   1.8001790e+00	   1.6840357e+00	   1.1254988e+00	   2.0129527e-01	   6.7971653e+00	
   9.7488150e-01	   1.0067641e+00	   8.8964045e-01	   6.2515600e-01	   3.3438138e-01	   6.2397851e-01	   6.6814654e-01	   3.7996854e-01	   6.4229419e+00	
   8.1657854e-01	   1.0697843e+00	   1.3931211e+00	   1.8048644e+00	   1.8006866e+00	   1.8754117e+00	   1.7786896e+00	   8.6807249e-01	   7.0097786e+00	
  -1.8358011e-01	  -4.9879950e-01	  -6.3510923e-01	  -9.1418010e-01	  -8.6997466e-01	  -7.4928285e-01	  -6.4806077e-01	  -4.1401382e-01	   5.9960547e+00	
  -4.2483963e-01	  -6.0397980e-01	  -9.4267965e-01	  -8.2490506e-01	  -4.3935096e-01	  -2.9235071e-01	  -1.6085475e-01	  -4.0708251e-02	   5.9027906e+00	
  -1.1386154e-01	  -5.5365210e-01	  -9.5404498e-01	  -1.1072929e+00	  -1.3309176e+00	  -1.5726808e+00	  -1.6041592e+00	  -1.1614620e+00	   6.6183113e+00	
   4.3455784e-01	   8.3208901e-01	   8.3678551e-01	   4.9532585e-02	  -4.1637403e-01	  -1.0237004e+00	  -9.5007212e-01	  -1.0456893e+00	   7.0620942e+00	
   5.2142010e-01	   8.9478688e-01	   8.1812801e-01	   4.8032018e-01	   5.2920831e-02	   5.4586361e-02	   3.5150534e-02	   1.1702810e-01	   5.9097027e+00	
   3.9196155e-01	   5.2495492e-01	   9.9487400e-01	   6.2519998e-01	   6.1089215e-01	   2.7491777e-01	   1.3010535e-01	   8.5086772e-02	   5.9913488e+00	
   6.7317396e-01	   9.9387117e-01	   9.9542645e-01	   9.3780520e-01	   8.1528772e-01	   6.1541978e-01	   6.3757630e-01	   3.4577200e-01	   6.3792815e+00	
  -1.8023741e-01	  -4.9435828e-01	  -6.9374893e-01	  -3.6760141e-01	  -7.2962516e-01	  -4.6185150e-01	  -4.2645968e-01	  -5.4629104e-01	   6.2257388e+00	
   1.6501444e-01	   5.7213708e-02	  -4.6885962e-01	  -6.4542689e-01	  -3.8582667e-01	  -2.9469010e-02	   6.8517772e-01	   3.1758202e-01	   6.2874865e+00	
  -3.4641229e-01	  -7.6588826e-01	  -9.0338897e-01	  -9.0304561e-01	  -9.2722224e-01	  -8.3298843e-01	  -4.1529540e-01	   1.0793573e-01	   6.0672948e+00	
  -1.8536423e-01	  -3.6756394e-01	  -4.7804103e-01	  -6.0743252e-01	  -7.0678521e-01	  -5.6598698e-01	  -2.8744495e-02	   1.2686101e-01	   5.8260936e+00	
  -2.0033349e-01	  -3.7156048e-01	  -6.2671400e-01	  -1.0178436e+00	  -1.0302419e+00	  -9.8709988e-01	  -7.2333920e-01	  -4.8980585e-01	   5.9984611e+00	
   1.4235512e+00	   1.7491922e+00	   1.7535158e+00	   1.8647808e+00	   1.7578326e+00	   1.1165304e+00	   1.2342909e-01	   1.6570454e-02	   7.5529592e+00	
   2.4347359e-01	   7.9593126e-01	   8.6139335e-01	   4.7266415e-01	   3.9798157e-01	   3.4244008e-01	   1.9164885e-01	   1.8518320e-01	   5.7973501e+00	
   4.6741796e-01	   9.8735971e-01	   1.3995715e+00	   1.7624713e+00	   1.8406802e+00	   1.8031797e+00	   1.2801925e+00	   7.7501596e-01	   6.7264016e+00	
  -6.2314450e-01	  -7.7652645e-01	  -6.3228620e-01	  -3.9881271e-01	  -2.8139644e-01	  -2.7516336e-01	  -1.2230548e-01	   1.0618461e-01	   5.7878894e+00	
  -4.2432260e-01	  -8.0546503e-01	  -9.2046576e-01	  -8.9058614e-01	  -7.1276502e-01	  -2.9256480e-01	  -4.0134790e-01	  -1.8475288e-01	   5.9806567e+00	
  -4.5723555e-01	  -7.4020285e-01	  -9.5031040e-01	  -7.6433341e-01	  -3.8273107e-01	  -1.6425841e-01	   1.0279108e-01	   1.4810994e-01	   5.8689816e+00	
   6.4952780e-01	   1.1609156e+00	   1.3650001e+00	   1.3259036e+00	   7.6835841e-01	   4.3909191e-01	   1.1967583e-01	   7.9130558e-02	   6.8425219e+00	
  -1.3140243e-01	  -4.2337373e-01	  -5.3441145e-01	  -4.7054919e-01	   3.5479041e-01	   6.5090936e-01	   8.6313499e-01	   5.9559135e-01	   6.2954586e+00	
  -3.0399514e-01	  -5.2292669e-01	  -5.6659028e-01	  -4.0504764e-01	  -1.9710420e-01	  -1.1230723e-01	   5.6754942e-02	   1.2345715e-01	   5.5757823e+00	
   6.0528401e-01	   6.9380722e-01	   9.1947363e-01	   4.9617763e-01	   3.5958918e-01	   2.8749582e-01	   2.0384424e-01	   1.2787035e-01	   5.8388012e+00	
  -2.1887516e-01	  -4.6742191e-01	  -6.0163811e-01	  -9.0584178e-01	  -6.4176671e-01	  -2.1482136e-01	   1.0572523e-01	   1.3898837e-01	   5.8258028e+00	
  -1.4311647e-01	  -4.4711913e-01	  -6.0385011e-01	  -9.3016441e-01	  -1.1908771e+00	  -1.1884749e+00	  -8.7487878e-01	  -5.5850011e-01	   6.1286794e+00	
  -8.9171594e-02	  -2.6083818e-01	  -5.1026291e-01	  -5.4549358e-01	  -4.9155297e-01	  -3.0364214e-01	  -7.7617189e-02	  -6.9311822e-02	   5.6381743e+00	
   1.4386896e-02	  -1.9382932e-01	  -5.6614427e-01	  -8.8840819e-01	  -6.7154745e-01	  -6.6681260e-01	  -2.5330554e-01	  -1.7971161e-01	   6.0227320e+00	
  -1.5466511e-01	  -4.2748156e-01	  -7.2394910e-01	  -8.8719783e-01	  -5.9558542e-01	  -2.9184996e-01	  -1.4185570e-01	   8.8289573e-02	   5.7374402e+00	
  -2.1120516e-01	  -2.9664041e-01	  -6.0928483e-01	  -3.7457998e-01	  -6.5162001e-01	  -1.3711412e-01	  -1.0402108e-01	   9.7381995e-02	   5.8164965e+00	
  -3.1642023e-01	  -4.6755886e-01	  -6.5950366e-01	  -8.9707399e-01	  -6.7613246e-01	  -2.8913066e-01	  -3.1810598e-01	  -1.5195701e-01	   5.8537920e+00	
   1.6077685e+00	   1.3695637e+00	   1.2427748e+00	   5.2531538e-01	   6.4856797e-01	   5.4403011e-01	   7.5389208e-01	   1.0525821e+00	   7.8136624e+00	
  -5.6692616e-02	  -4.7930605e-01	  -9.1050691e-01	  -7.3814678e-01	  -6.2225221e-01	  -3.6750363e-01	  -2.0258251e-01	   9.0359130e-03	   6.0388404e+00	
  -2.7043004e-01	  -4.3763907e-01	  -5.4816058e-01	  -1.4059443e+00	  -1.4341816e+00	  -1.3381901e+00	  -5.1588869e-01	   2.0072379e-01	   6.6936620e+00	
   3.0770870e-01	   1.2740603e+00	   2.0274900e+00	   1.7639885e+00	   7.6831134e-01	   7.7825804e-01	   8.3260443e-01	   1.0867537e+00	   7.7856817e+00	
   1.5591633e+00	   2.0460056e+00	   2.3097673e+00	   2.0364768e+00	   8.3124890e-01	   3.1340793e-01	  -1.2978534e-01	   6.2299028e-02	   8.2461450e+00	
   1.9036544e-01	   1.5017218e+00	   2.2444530e+00	   2.4351560e+00	   2.1428611e+00	   1.7850908e+00	   1.1667535e+00	   4.4309416e-01	   7.5376979e+00	
   1.5409349e-01	  -2.5348586e-01	  -9.9339569e-01	  -6.4937030e-01	  -5.1303224e-01	  -1.8725723e-01	   4.5644168e-02	   1.2678135e-01	   6.2390967e+00	
  -1.0362558e+00	   2.3401704e-02	  -1.0487625e+00	  -1.4021788e+00	  -1.6550944e+00	  -1.3749058e+00	  -3.8556510e-01	   1.3801116e-01	   8.1836432e+00	
   2.6729402e-01	   1.9319603e-01	  -6.6785114e-01	  -9.5063392e-01	  -1.4171768e+00	  -1.5765021e+00	   2.8361900e-01	  -3.0113539e-02	   7.6828437e+00	
   6.1213422e-01	  -3.2578942e-01	  -3.5495860e-01	  -1.3753482e+00	  -1.2608270e+00	  -3.6608850e-01	   3.8053182e-01	   4.0464502e-01	   8.2080653e+00	
  -5.1753682e-01	  -8.6589961e-01	  -7.4114505e-01	  -3.0919521e-01	   7.0801650e-02	  -3.9080391e-01	   2.7990817e-01	  -1.2270038e-01	   6.7972554e+00	
   1.5923016e-01	  -9.6504415e-01	  -1.4548335e+00	  -9.8252594e-01	   4.5774474e-01	   3.1235531e-01	  -2.8300336e-02	  -2.4418133e-01	   7.8149588e+00	
  -1.6152640e-01	  -1.2391958e+00	  -6.9353041e-01	  -5.1939111e-01	   1.8214422e+00	   1.7375753e+00	   1.0286996e-01	  -3.9683663e-01	   1.0267562e+01	
  -9.5984822e-01	  -1.0859997e+00	  -1.0606257e+00	  -6.1636613e-01	   8.5243438e-01	   2.6992884e+00	  -2.4915980e-01	  -2.2503243e-01	   1.1147875e+01	
   5.0170821e-01	   9.4545314e-01	   1.4963612e+00	   1.7092290e+00	   1.9171175e+00	   1.7039342e+00	   1.5118062e+00	   5.8834280e-01	   6.7948710e+00	
  -1.9126813e-01	  -7.9366335e-02	  -7.2349960e-01	  -1.1844549e+00	  -1.0820401e+00	  -9.9820772e-01	  -5.4856701e-01	  -1.9482858e-01	   6.2700723e+00	
   6.6596485e-01	   1.6184282e+00	   1.1085106e+00	   1.3018019e+00	   1.5192170e+00	   3.2500652e-01	   1.6266545e-01	  -9.9590859e-02	   7.6486325e+00	
   3.3052504e-01	   9.3726015e-01	   8.8691076e-01	   5.2612785e-01	   3.0445483e-01	   6.9213791e-02	  -5.4224776e-02	  -1.8081080e-01	   6.1840837e+00	
   5.2301343e-01	   1.1161085e+00	   1.4356112e+00	   1.4592842e+00	   1.4901510e+00	   1.2054618e+00	   8.0292917e-01	   4.7666711e-01	   6.3920809e+00	
  -6.1912801e-01	  -7.9195755e-01	  -9.1913863e-01	  -4.0627265e-01	   1.5439754e+00	   1.5614398e+00	   9.7461674e-01	   3.2672500e-01	   8.2847242e+00	
  -3.7209375e-01	  -6.0922189e-01	  -7.7695594e-01	  -9.3889501e-01	  -9.7010674e-01	  -1.0002784e+00	  -7.2274156e-01	  -3.7138887e-01	   5.9646511e+00	
  -1.7046610e-01	  -3.9079350e-01	  -4.8547436e-01	  -5.8040720e-01	  -3.3722444e-01	  -1.4007729e-01	   9.5164663e-02	   9.7145757e-02	   5.6985414e+00	
  -1.4224262e-01	  -6.0754848e-01	  -5.8704895e-01	  -4.0716122e-01	  -1.8219560e-01	  -1.9084669e-02	   5.2753973e-01	   4.5672730e-01	   6.0037038e+00	
   2.2786477e-01	   6.2912265e-01	   9.4721297e-01	   1.1576909e+00	   1.1506762e+00	   1.1155941e+00	   1.0368406e+00	   4.8523370e-01	   6.3408394e+00	
  -1.8101685e-01	  -3.0171836e-01	  -5.0328358e-01	  -5.5060813e-01	  -6.1177503e-01	  -4.5987035e-01	  -2.6336365e-01	  -1.5097497e-01	   5.7632860e+00	
  -1.7011827e-01	  -3.3724731e-01	  -5.6057549e-01	  -4.9373484e-01	  -3.7092908e-01	  -4.7945672e-01	  -3.9648762e-01	   9.9354971e-02	   5.7874033e+00	
   1.6922016e+00	   1.8672486e+00	   1.8596466e+00	   1.8719985e+00	   1.8736792e+00	   1.6333421e+00	   1.0333030e+00	   3.8102642e-01	   7.2791445e+00	
  -1.7222849e-01	  -4.2618184e-01	  -5.2204030e-01	  -5.0853458e-01	  -4.1104229e-01	  -4.3419220e-01	  -3.2802850e-01	  -1.4638142e-01	   5.7523702e+00	
  -5.2399518e-01	  -6.5989526e-01	  -9.7958736e-01	  -1.2329705e+00	  -6.0389476e-01	  -1.7537243e-01	  -6.6028071e-03	   1.2903505e-01	   6.2873978e+00	
   2.5904653e-01	   7.3285550e-01	   8.8808947e-01	   4.8578551e-01	   2.0741188e-01	   8.6515257e-03	  -1.0989059e-02	  -5.4620157e-02	   6.0586800e+00	
   4.3635153e-01	   8.3878922e-01	   8.5086056e-01	   3.4350374e-01	  -1.0875376e-01	  -5.5705511e-02	   2.7181352e-01	   1.4418755e-01	   6.0792251e+00	
  -2.4277120e-01	  -3.8830880e-01	  -5.1447423e-01	  -4.9395712e-01	  -4.6324596e-01	  -4.0144241e-01	  -3.6697277e-01	   9.6673963e-02	   5.7302958e+00	
  -2.6553900e-01	  -4.7597237e-01	  -4.9479788e-01	  -5.6133947e-01	  -4.1350951e-01	  -3.5599782e-01	  -2.4555424e-01	   8.4126659e-02	   5.6981920e+00	
  -2.9217503e-01	  -5.1724581e-01	  -5.5588970e-01	  -4.1308102e-01	  -3.5533911e-02	   2.4350049e-01	   2.7340261e-01	   1.6505062e-01	   5.6911009e+00	
   3.2930439e-02	   1.2959925e-01	   1.4192556e-01	   1.5340474e-01	   4.1762209e-02	   9.3197821e-02	   5.1900877e-03	   8.4181301e-02	   5.5205861e+00	
  -6.3193749e-02	   6.1911129e-02	   1.6309963e-01	   1.2939884e-01	   2.0223488e-01	   2.4823793e-01	   2.7004575e-01	   1.4617583e-01	   5.4236558e+00	
   1.5172709e-01	   1.1901463e-01	   1.5160282e-01	   5.2547315e-02	   1.6800557e-01	   2.4592829e-01	   2.8700750e-01	   2.8319588e-01	   5.4738156e+00	
  -5.8761271e-02	  -8.2140316e-02	  -1.3010895e-01	   3.4635285e-02	   8.5975053e-02	   3.0845526e-02	  -1.0041744e-02	   8.3831125e-02	   5.5896328e+00	
  -8.5233965e-03	   1.0867363e-01	   1.2581941e-01	   2.2368970e-01	   7.7152762e-02	   1.2204343e-01	  -7.1918488e-02	   1.0220507e-01	   5.5896148e+00	
   8.0946957e-02	   2.6999766e-01	   1.3693832e-01	  -2.1072078e-02	   1.0404081e-01	  -2.0994924e-02	  -5.8489611e-02	   1.2205014e-01	   5.6165047e+00	
   5.4656660e-02	   1.5041234e-01	   1.8376308e-01	   1.1455444e-01	  -1.1775614e-03	  -2.8753436e-02	  -2.4886702e-01	   9.4513461e-02	   5.5250426e+00	
   1.2439955e-01	   1.0668785e-01	   1.0294456e-01	   2.6587717e-02	   6.6182866e-02	  -6.7697608e-02	  -6.3302014e-02	   1.3332485e-01	   5.5610376e+00	
  -5.2446294e-03	   1.7810991e-01	   1.8931350e-01	   1.5292479e-01	   3.0153550e-01	   3.6581591e-01	   3.8339177e-01	   2.7362801e-01	   5.4837081e+00	
   9.6181055e-02	   3.2418680e-01	   2.4194833e-01	   3.9627669e-01	   3.5837126e-01	   1.7975143e-01	   3.6475124e-01	   2.9407636e-01	   5.5664549e+00	
   2.4672215e-02	   7.9671424e-02	   1.4220399e-01	   3.0633950e-03	  -1.1220621e-01	  -9.0212932e-02	   2.1748202e-02	  -9.1511435e-02	   5.6661778e+00	
   6.1719439e-01	   9.7150693e-01	   1.2437076e+00	   1.4567578e+00	   1.4879747e+00	   1.1341538e+00	   8.9161951e-01	   5.9239195e-01	   6.3530121e+00	
  -8.3012147e-01	  -1.0254478e+00	  -6.6121163e-01	  -5.8026975e-01	  -1.1406266e-01	  -1.9786304e-02	   7.7681567e-03	   3.1298109e-01	   6.3652709e+00	
  -3.6111764e-01	  -3.9056188e-01	  -5.6738452e-01	  -5.2977323e-01	   2.2095725e-01	   6.2689980e-01	   6.7444213e-01	   4.4679374e-01	   6.1732068e+00	
   3.0535730e-01	   7.0252913e-01	   1.0531416e+00	   1.4833971e+00	   2.1390098e+00	   1.9918804e+00	   5.6445072e-01	   4.3319449e-01	   7.2031486e+00	
  -4.0083299e-01	  -3.9750307e-01	   9.8009903e-02	   8.7851538e-02	   5.2426642e-01	   2.1030839e+00	   1.5139615e+00	   1.0873554e+00	   8.0998154e+00	
  -6.6217981e-01	  -7.4340103e-01	  -3.1664561e+00	  -3.1995157e+00	   7.0909915e-01	   9.4904977e-01	   9.5483391e-01	   5.9180141e-01	   1.1312887e+01	
  -1.1659309e+00	  -4.4741800e-01	  -1.3576825e+00	  -1.5529162e+00	   2.3169512e-01	   4.5200764e-01	   6.3848789e-01	   3.8701294e-01	   8.7943408e+00	
   1.6924658e+00	   1.0757350e+00	   1.2448763e+00	   1.4604284e+00	   1.5843767e+00	   1.2449288e+00	   7.9049463e-01	   3.0762580e-01	   7.4498164e+00	
  -9.0294082e-02	  -3.2073381e-01	  -6.0976302e-02	  -1.1767798e-01	  -1.7326314e-01	   1.7426916e-01	   4.1220028e-01	   6.0168846e-01	   5.9588502e+00	
   8.5956609e-02	   1.3899471e-01	   6.7505298e-01	   1.0420107e+00	   2.8841020e-01	   1.1757632e-01	   5.2112042e-01	   5.2450868e-01	   6.5706796e+00	
   1.4994295e-02	   1.4908991e-01	   2.3636392e-01	   1.3322356e+00	   1.7586503e+00	   1.9044208e+00	   1.8932087e+00	   8.3226050e-01	   7.2463275e+00	
  -1.3646864e-03	   9.8227676e-02	   1.7504690e-01	   1.5479428e-01	   1.7713157e-01	   2.1933041e-01	   2.7447522e-01	   1.7651018e-01	   5.4130166e+00	
   6.5850777e-02	   7.9500094e-02	   1.1199320e-01	  -2.8526790e-02	  -5.8951540e-03	   9.2093151e-02	  -2.4075977e-02	   9.2591167e-02	   5.5414962e+00	
  -8.1220230e-02	  -1.3941405e-03	   1.2918318e-01	   1.5367726e-01	   1.0924050e-01	   3.7198282e-02	  -1.1119332e-03	   1.5319704e-01	   5.5528601e+00	
