   5.8423101e-01	   6.3595312e-02	   9.0799602e-01	   4.4151131e+00	
   5.8554194e-01	   1.1747163e-01	   9.7059932e-01	   4.3788112e+00	
   6.3279053e-01	   1.0000000e-03	   1.0000000e+00	   4.4772804e+00	
   5.9039548e-01	   5.2471410e-03	   9.0192977e-01	   4.4369387e+00	
   5.8531103e-01	   1.5445658e-02	   1.0000000e+00	   4.4197710e+00	
   5.9042944e-01	   2.4043409e-02	   9.5942030e-01	   4.4374535e+00	
   5.8801789e-01	   1.1965539e-01	   1.0000000e+00	   4.3788112e+00	
   5.8969735e-01	   1.7600889e-01	   1.0000000e+00	   4.3734930e+00	
   5.8425599e-01	   1.7511024e-01	   1.0000000e+00	   4.3734930e+00	
   5.9091812e-01	   1.0000000e-03	   1.0000000e+00	   4.4197710e+00	
   5.8586881e-01	   1.8713132e-01	   9.1620061e-01	   4.4033453e+00	
   3.3838169e-01	   3.8958858e+00	
   3.3600090e-01	   3.8958858e+00	
   2.7167775e-01	   3.8696092e-01	   7.0795879e+00	
   2.6928138e-01	   4.7477738e-01	   7.0813954e+00	
   3.3594332e-01	   5.4254102e-01	   7.0674861e+00	
   2.6928138e-01	   4.7477738e-01	   7.0813954e+00	
   1.0000000e-03	   1.0000000e-03	   1.0000000e-03	   1.0000000e-03	   1.5297078e+01	
   1.0000000e-03	   1.0000000e-03	   1.0000000e-03	   1.0000000e-03	   1.5297078e+01	
   1.0000000e-03	   1.0000000e-03	   1.0000000e-03	   1.0000000e-03	   1.5297078e+01	
   1.0000000e-03	   1.0000000e-03	   1.0000000e-03	   1.2017520e-01	   1.5297078e+01	
   1.0000000e-03	   2.7962726e-01	   1.0000000e-03	   1.0000000e-03	   1.5408593e+01	
   1.0000000e-03	   1.0000000e-03	   1.0000000e-03	   1.0000000e-03	   1.5297078e+01	
   1.0000000e-03	   1.0000000e-03	   1.0000000e-03	   2.5783758e-02	   1.5297078e+01	
   1.0000000e-03	   1.0000000e-03	   1.0000000e-03	   5.9710724e-02	   1.5297078e+01	
   1.0000000e-03	   1.0000000e-03	   1.0000000e-03	   1.9803721e-01	   1.5297078e+01	
   1.0000000e-03	   1.0000000e-03	   1.0000000e-03	   1.0000000e+00	   1.5571533e+01	
   1.0000000e-03	   1.4250000e-02	   1.0000000e-03	   1.0000000e-03	   1.5281948e+01	
   1.0000000e-03	   1.0000000e-03	   1.0000000e-03	   9.6162703e-01	   1.5571533e+01	
   1.0000000e-03	   1.0000000e-03	   1.0000000e-03	   1.0000000e+00	   1.5571533e+01	
   1.0000000e-03	   1.0000000e-03	   1.0000000e-03	   1.0000000e-03	   1.5297078e+01	
   1.0000000e-03	   1.0000000e-03	   1.0000000e-03	   9.6902057e-01	   1.5571533e+01	
