8.65217
8.65326
8.65555
8.65973
8.66661
8.67716
8.6925
8.71391
8.7428
8.78074
8.82945
8.89079
8.96679
9.05958
9.17119
9.30322
9.45691
9.63306
9.83206
10.0539
10.2982
10.564
10.8502
11.1551
11.4767
11.8124
12.1594
12.5144
12.8737
13.2336
13.5907
13.9419
14.2844
14.6157
14.9338
15.2368
15.5232
15.7918
16.0418
16.2726
16.4841
16.6763
16.8497
17.0051
17.1433
17.2651
17.3714
17.463
17.5405
17.6047
17.6562
17.6957
17.7236
17.7404
17.7468
17.743
17.7296
17.7068
17.6749
17.6343
17.5853
17.528
17.4628
17.39
17.3097
17.2224
17.1281
17.0273
16.92
16.8066
16.6873
16.5624
16.432
16.2963
16.1557
16.0103
15.8603
15.706
15.5475
15.3851
15.2189
15.0492
14.8762
14.7001
14.5211
14.3393
14.1549
13.9682
13.7794
13.5885
13.3959
13.2016
13.0058
12.8088
12.6105
12.4111
12.2109
12.0098
11.808
11.6057
11.4028
11.1996
10.996
10.7922
10.5882
10.384
10.1799
9.97577
9.77181
9.56808
9.36469
9.16173
8.9593
8.75753
8.55653
8.35641
8.15731
7.95934
7.76265
7.56736
7.3736
7.18148
6.99112
6.80261
6.61604
6.4315
6.24907
6.06881
5.89079
5.71506
5.54165
5.37062
5.20198
5.03576
4.87198
4.71065
4.5518
4.39545
4.24161
4.09032
3.94159
3.79545
3.65193
3.51105
3.37285
3.23736
3.1046
2.97461
2.84741
2.72306
2.60157
2.48299
2.36734
2.25467
2.14499
2.03836
1.9348
1.83435
1.73704
1.6429
1.55197
1.46428
1.37987
1.29877
1.22102
1.14664
1.07566
1.00813
0.944059
0.883482
0.826426
0.772916
0.722976
0.676629
0.633898
0.594802
0.559363
0.527599
0.499526
0.475163
0.454524
0.437622
0.424472
0.415085
0.409472
0.407642
0.409604
0.415365
0.424932
0.438309
0.455501
0.47651
0.501338
0.529986
0.562453
0.598737
0.638836
0.682745
0.73046
0.781974
0.83728
0.89637
0.959233
1.02586
1.09624
1.17035
1.24819
1.32974
1.41498
1.5039
1.59648
1.69271
1.79259
1.8961
2.00324
2.11401
2.22841
2.34644
2.46811
2.59342
2.72239
2.85501
2.99132
3.13131
3.27501
3.42243
3.57358
3.72844
3.88703
4.04932
4.21532
4.385
4.55834
4.73532
4.91591
5.10006
5.28774
5.47891
5.67351
5.87151
6.07282
6.2774
6.48518
6.69609
6.91004
7.12696
7.34677
7.56938
7.79469
8.0226
8.25301
8.48581
8.7209
8.95814
9.19744
9.43865
9.68168
9.92638
10.1726
10.4203
10.6693
10.9195
11.1707
11.4228
11.6758
11.9294
12.1835
12.438
12.6927
12.9476
13.2024
13.457
13.7112
13.9648
14.2176
14.4694
14.7199
14.9689
15.2161
15.4612
15.704
15.9441
16.1813
16.4151
16.6453
16.8715
17.0933
17.3103
17.5223
17.7287
17.9292
18.1234
18.3109
18.4912
18.6639
18.8286
18.9848
19.132
19.2698
19.3978
19.5156
19.623
19.7199
19.8063
19.8822
19.9478
20.0033
20.0492
20.0859
20.114
20.1342
20.1471
20.1538
20.1551
20.152
20.1455
20.1363
20.1252
20.1129
20.0999
20.0868
20.074
20.0618
20.0506
20.0405
20.0316
20.024
20.0177
20.0125
20.0083
20.005
20.0024
20.0005
19.999
19.998
19.9972
19.9968
19.9965
19.9963
19.9963