0.0067227
0.0159353
0.0311236
0.0537816
0.0854032
0.127482
0.181513
0.248989
0.331404
0.430253
0.547029
0.683226
0.840338
1.01893
1.21583
1.42695
1.64818
1.87543
2.10461
2.33162
2.55236
2.76273
2.95863
3.13598
3.29066
3.41859
3.51567
3.5778
3.60211
3.59058
3.54643
3.47288
3.37314
3.25043
3.10795
2.94893
2.77658
2.59411
2.40473
2.21167
2.01813
1.82733
1.64248
1.46619
1.29866
1.13945
0.988151
0.844346
0.707616
0.57754
0.4537
0.335677
0.223053
0.115408
0.012325
-0.0866161
-0.181834
-0.273747
-0.362711
-0.448835
-0.532163
-0.612741
-0.690615
-0.765828
-0.838427
-0.908457
-0.975964
-1.04099
-1.10359
-1.16379
-1.22166
-1.27722
-1.33054
-1.38164
-1.43056
-1.47731
-1.52193
-1.56443
-1.60484
-1.64318
-1.67947
-1.71373
-1.74599
-1.77627
-1.80459
-1.83097
-1.85545
-1.87803
-1.89875
-1.91769
-1.93492
-1.95051
-1.96456
-1.97714
-1.98832
-1.99819
-2.00683
-2.01431
-2.02072
-2.02613
-2.03063
-2.03428
-2.03718
-2.03938
-2.04086
-2.04156
-2.04145
-2.04048
-2.03861
-2.03578
-2.03196
-2.0271
-2.02115
-2.01407
-2.00581
-1.99633
-1.98558
-1.97352
-1.96012
-1.94545
-1.92957
-1.91257
-1.89453
-1.87553
-1.85565
-1.83496
-1.81355
-1.7915
-1.76887
-1.74576
-1.72225
-1.6984
-1.67431
-1.65003
-1.62557
-1.60092
-1.57606
-1.55099
-1.5257
-1.50016
-1.47438
-1.44834
-1.42202
-1.39542
-1.36853
-1.34133
-1.31382
-1.28597
-1.25779
-1.22927
-1.20041
-1.17121
-1.14167
-1.11179
-1.08157
-1.05102
-1.02012
-0.988883
-0.957306
-0.925391
-0.893135
-0.86054
-0.827606
-0.794334
-0.760733
-0.726816
-0.692593
-0.658076
-0.623276
-0.588205
-0.552873
-0.517292
-0.481473
-0.445428
-0.409168
-0.372705
-0.336048
-0.299211
-0.262204
-0.225039
-0.187726
-0.150278
-0.112705
-0.0750193
-0.0372314
0.000646994
0.0386046
0.0766302
0.114712
0.15284
0.191001
0.229185
0.26738
0.305576
0.34376
0.381921
0.420048
0.45813
0.496156
0.534114
0.571992
0.60978
0.647466
0.685039
0.722487
0.7598
0.796965
0.833972
0.870815
0.90751
0.944082
0.980551
1.01694
1.05327
1.08957
1.12586
1.16216
1.1985
1.23489
1.27136
1.30793
1.34462
1.38146
1.41847
1.45559
1.4928
1.53004
1.56726
1.60443
1.6415
1.67843
1.71516
1.75165
1.78786
1.82374
1.85924
1.89433
1.92896
1.96307
1.99663
2.02959
2.06191
2.09354
2.12443
2.15453
2.18382
2.21223
2.23972
2.26626
2.29178
2.31625
2.33963
2.36186
2.38291
2.40276
2.4214
2.43881
2.45499
2.46993
2.48361
2.49603
2.50716
2.51701
2.52555
2.53278
2.53868
2.54326
2.54648
2.54832
2.54867
2.5474
2.54435
2.53941
2.53242
2.52327
2.5118
2.49789
2.4814
2.4622
2.44014
2.41509
2.38692
2.35549
2.32068
2.28237
2.24049
2.19495
2.14564
2.09249
2.0354
1.97428
1.90904
1.8396
1.76585
1.6877
1.60508
1.51789
1.42603
1.3296
1.22941
1.12646
1.02175
0.916261
0.811003
0.706967
0.605149
0.506546
0.412152
0.322965
0.23998
0.164193
0.0966002
0.0381972
-0.0103161
-0.0494243
-0.0799085
-0.10255
-0.118128
-0.127426
-0.131223
-0.130301
-0.12544
-0.117421
-0.107026
-0.0950346
-0.0822286
-0.0693887
-0.0572958
-0.0465836
-0.0372974
-0.0293354
-0.0225958
-0.0169765
-0.0123759
-0.00869198
-0.00582295
-0.00366693
-0.00212207
-0.0010865
-0.000458366
