0.00539854
0.0127965
0.0249932
0.0431883
0.0685814
0.102372
0.14576
0.199946
0.266128
0.345506
0.439281
0.548651
0.674817
0.818403
0.977731
1.15055
1.33461
1.52765
1.72743
1.93169
2.13818
2.34465
2.54884
2.7485
2.94139
3.12524
3.29781
3.45685
3.60064
3.7297
3.84508
3.94783
4.039
4.11964
4.19081
4.25357
4.30895
4.35802
4.40182
4.44142
4.47785
4.51219
4.54547
4.57857
4.61169
4.64483
4.678
4.71122
4.7445
4.77784
4.81126
4.84478
4.87839
4.91212
4.94598
4.97996
5.0141
5.04839
5.08285
5.1174
5.15199
5.18654
5.22099
5.25527
5.28931
5.32305
5.35642
5.38934
5.42175
5.45359
5.48478
5.51526
5.54496
5.57383
5.60189
5.6292
5.65579
5.68171
5.70702
5.73174
5.75593
5.77964
5.80291
5.82578
5.84829
5.87051
5.89246
5.9142
5.93575
5.95709
5.97817
5.99894
6.01936
6.03938
6.05897
6.07806
6.09663
6.11462
6.13198
6.14868
6.16466
6.17989
6.19431
6.2079
6.22065
6.23261
6.24378
6.2542
6.26388
6.27285
6.28112
6.28873
6.2957
6.30204
6.30778
6.31295
6.31756
6.32163
6.3252
6.32829
6.3309
6.33308
6.33484
6.3362
6.33719
6.33783
6.33814
6.33814
6.33786
6.33732
6.33654
6.33555
6.33437
6.33301
6.33147
6.32973
6.32779
6.32564
6.32326
6.32065
6.31778
6.31466
6.31126
6.30758
6.30361
6.29933
6.29473
6.2898
6.28454
6.27897
6.2731
6.26696
6.26057
6.25395
6.24713
6.24013
6.23297
6.22567
6.21826
6.21076
6.20319
6.19558
6.18794
6.18031
6.17271
6.16518
6.15775
6.15045
6.14333
6.13641
6.12973
6.12331
6.11721
6.11144
6.10605
6.10106
6.09652
6.09245
6.08888
6.08582
6.08323
6.08113
6.07948
6.07829
6.07754
6.07723
6.07733
6.07783
6.07874
6.08002
6.08169
6.08371
6.08609
6.0888
6.09184
6.0952
6.09887
6.10283
6.10707
6.11158
6.11636
6.12138
6.12664
6.13213
6.13783
6.14374
6.14983
6.15611
6.16256
6.16919
6.17598
6.18294
6.19007
6.19737
6.20484
6.21248
6.22028
6.22826
6.23641
6.24473
6.25322
6.26188
6.2707
6.2797
6.28887
6.29821
6.30771
6.31739
6.32724
6.33725
6.34744
6.35779
6.36832
6.37902
6.38988
6.40091
6.41212
6.42349
6.43503
6.44671
6.45848
6.47033
6.4822
6.49408
6.50593
6.5177
6.52938
6.54091
6.55228
6.56345
6.57438
6.58503
6.59538
6.60539
6.61503
6.62426
6.63305
6.64136
6.64916
6.65642
6.66311
6.66918
6.6746
6.67935
6.68339
6.68667
6.68918
6.69087
6.69173
6.69175
6.69098
6.68942
6.6871
6.68405
6.68028
6.67583
6.67071
6.66494
6.65855
6.65156
6.64399
6.63587
6.62721
6.61804
6.60834
6.59808
6.58725
6.57581
6.56375
6.55105
6.53768
6.52362
6.50885
6.49334
6.47707
6.46002
6.44217
6.42349
6.4037
6.38143
6.35504
6.32292
6.28344
6.23495
6.17584
6.10447
6.01921
5.91844
5.80052
5.66383
5.50673
5.32759
5.12479
4.89755
4.64849
4.38112
4.0989
3.80534
3.5039
3.19809
2.89139
2.58727
2.28924
2.00076
1.72534
1.46645
1.22759
1.01223
0.822977
0.658921
0.518259
0.399192
0.299919
0.218641
0.153558
0.102872
0.0647824
0.0374898
0.0191948
0.0080978
