0.0147186
0.0348886
0.0681419
0.117749
0.186981
0.279109
0.397404
0.545135
0.725575
0.941994
1.19766
1.49585
1.83983
2.23108
2.66388
3.13074
3.62415
4.13661
4.66062
5.18866
5.71324
6.22685
6.722
7.19117
7.62686
8.02157
8.36779
8.65803
8.88681
9.05682
9.17277
9.2394
9.2614
9.24352
9.19045
9.10693
8.99768
8.86741
8.72084
8.56269
8.39768
8.23054
8.06597
7.90786
7.75669
7.61209
7.4737
7.34117
7.21412
7.09221
6.97505
6.8623
6.75359
6.64856
6.54684
6.44808
6.35191
6.25797
6.16594
6.07566
5.98703
5.89992
5.81422
5.72983
5.64663
5.5645
5.48333
5.40302
5.32343
5.24447
5.16602
5.08797
5.0102
4.93262
4.85523
4.77806
4.70113
4.62445
4.54806
4.47198
4.39622
4.32081
4.24578
4.17115
4.09693
4.02315
3.94984
3.87701
3.80469
3.73287
3.66153
3.59067
3.52027
3.45033
3.38082
3.31175
3.24309
3.17485
3.10699
3.03953
2.97244
2.9057
2.83932
2.77329
2.70762
2.64233
2.57745
2.513
2.449
2.38548
2.32245
2.25995
2.19799
2.13659
2.07579
2.01559
1.95603
1.89713
1.8389
1.78139
1.72463
1.66865
1.61348
1.55916
1.50572
1.4532
1.40163
1.35105
1.30148
1.25297
1.20554
1.15924
1.11408
1.07011
1.02726
0.985487
0.944734
0.904943
0.866058
0.828021
0.790776
0.754267
0.718437
0.68323
0.648588
0.614456
0.580776
0.547493
0.514564
0.482009
0.449861
0.418155
0.386923
0.356201
0.326023
0.296421
0.267431
0.239086
0.21142
0.184467
0.158261
0.132836
0.108225
0.0844526
0.0614946
0.0393176
0.0178876
-0.00282942
-0.0228674
-0.0422602
-0.0610419
-0.0792464
-0.0969077
-0.11406
-0.130736
-0.146971
-0.162799
-0.178254
-0.19337
-0.208193
-0.222766
-0.237136
-0.251347
-0.265445
-0.279475
-0.293483
-0.307513
-0.321611
-0.335822
-0.350192
-0.364765
-0.379588
-0.394704
-0.410151
-0.425926
-0.442018
-0.458415
-0.475107
-0.492082
-0.509328
-0.526834
-0.54459
-0.562583
-0.580803
-0.599237
-0.617876
-0.636707
-0.655718
-0.674909
-0.694315
-0.713982
-0.733954
-0.754277
-0.774995
-0.796156
-0.817803
-0.839982
-0.862738
-0.886116
-0.910163
-0.934922
-0.960439
-0.986761
-1.01393
-1.04198
-1.07095
-1.10087
-1.13177
-1.16369
-1.19666
-1.23072
-1.26591
-1.30224
-1.33976
-1.37851
-1.41851
-1.45981
-1.50242
-1.54639
-1.59172
-1.6384
-1.68645
-1.73585
-1.78661
-1.83873
-1.8922
-1.94704
-2.00323
-2.06078
-2.11969
-2.17996
-2.24158
-2.30456
-2.36891
-2.43462
-2.50171
-2.5702
-2.64009
-2.71139
-2.78412
-2.85829
-2.9339
-3.01098
-3.08952
-3.16955
-3.25107
-3.3341
-3.41865
-3.50472
-3.5923
-3.68139
-3.77198
-3.86405
-3.95759
-4.05258
-4.14903
-4.24692
-4.34623
-4.44695
-4.54908
-4.6526
-4.7575
-4.86378
-4.97142
-5.0805
-5.1911
-5.30329
-5.41716
-5.53279
-5.65024
-5.76961
-5.89097
-6.01441
-6.13999
-6.2678
-6.39792
-6.53043
-6.66541
-6.80234
-6.93831
-7.06984
-7.19342
-7.30557
-7.40277
-7.48153
-7.53836
-7.56977
-7.57224
-7.54229
-7.47641
-7.37112
-7.22291
-7.02828
-6.78532
-6.49842
-6.17353
-5.81663
-5.43367
-5.03062
-4.61345
-4.18812
-3.76059
-3.33683
-2.92281
-2.52448
-2.14781
-1.79877
-1.48332
-1.206
-0.965589
-0.759462
-0.584979
-0.439503
-0.320398
-0.225026
-0.15075
-0.0949327
-0.0549379
-0.0281282
-0.0118666
