-0.0214414
-0.050824
-0.0992655
-0.171531
-0.272385
-0.406592
-0.578917
-0.794124
-1.05698
-1.37225
-1.74469
-2.17908
-2.68017
-3.25001
-3.87971
-4.55769
-5.27233
-6.01205
-6.76523
-7.52028
-8.2656
-8.98958
-9.68063
-10.3271
-10.9175
-11.4402
-11.8835
-12.2358
-12.4889
-12.6474
-12.7192
-12.7123
-12.6345
-12.4939
-12.2984
-12.0559
-11.7743
-11.4615
-11.1256
-10.7744
-10.4158
-10.0579
-9.70845
-9.37405
-9.05534
-8.75154
-8.46185
-8.18552
-7.92174
-7.66975
-7.42875
-7.19798
-6.97665
-6.76397
-6.55917
-6.36147
-6.17008
-5.98423
-5.80323
-5.62683
-5.45486
-5.28718
-5.12361
-4.964
-4.8082
-4.65604
-4.50737
-4.36202
-4.21985
-4.08068
-3.94437
-3.81075
-3.67966
-3.55098
-3.42466
-3.3007
-3.17907
-3.05978
-2.94281
-2.82815
-2.71579
-2.60571
-2.49791
-2.39237
-2.28908
-2.18803
-2.08922
-1.99262
-1.89822
-1.80599
-1.71587
-1.62782
-1.5418
-1.45776
-1.37565
-1.29544
-1.21706
-1.14049
-1.06568
-0.992567
-0.921122
-0.851296
-0.783042
-0.716325
-0.651135
-0.587473
-0.525339
-0.464732
-0.405654
-0.348104
-0.292081
-0.237586
-0.18462
-0.133181
-0.0832699
-0.0348868
0.0119685
0.0572958
0.101095
0.143367
0.18411
0.223326
0.261014
0.297174
0.331806
0.36491
0.396487
0.426535
0.455056
0.482048
0.507513
0.53145
0.553859
0.57475
0.594169
0.612174
0.62882
0.644165
0.658265
0.671176
0.682956
0.693661
0.703347
0.712071
0.71989
0.726859
0.733037
0.738479
0.743227
0.747261
0.750549
0.753056
0.754748
0.755591
0.755552
0.754595
0.752688
0.749797
0.745886
0.740924
0.734874
0.727704
0.71938
0.709883
0.699254
0.687549
0.674826
0.661141
0.646551
0.631112
0.61488
0.597913
0.580267
0.561999
0.543164
0.52382
0.504024
0.483831
0.463291
0.442423
0.421239
0.399748
0.377964
0.355896
0.333557
0.310957
0.288109
0.265022
0.24171
0.218182
0.194451
0.170527
0.146423
0.122156
0.0977754
0.0733386
0.0489018
0.0245217
0.000254648
-0.0238426
-0.0477135
-0.0713014
-0.0945498
-0.117402
-0.139802
-0.161692
-0.183016
-0.203718
-0.223747
-0.243074
-0.261676
-0.279532
-0.296618
-0.312911
-0.32839
-0.343031
-0.356813
-0.369711
-0.381704
-0.392769
-0.402883
-0.412024
-0.420169
-0.427295
-0.433381
-0.438402
-0.442337
-0.445162
-0.446856
-0.447396
-0.446758
-0.444921
-0.441861
-0.437557
-0.431985
-0.425122
-0.416947
-0.407437
-0.396557
-0.384228
-0.37036
-0.354862
-0.337644
-0.318615
-0.297685
-0.274763
-0.249759
-0.222581
-0.19314
-0.161345
-0.127105
-0.0903302
-0.0509296
-0.00882591
0.0360053
0.0835754
0.133896
0.186978
0.242832
0.301471
0.362905
0.427146
0.494206
0.564094
0.636823
0.712405
0.79085
0.872169
0.956393
1.04363
1.134
1.22763
1.32464
1.42516
1.52932
1.63723
1.74902
1.86482
1.98476
2.10894
2.23751
2.37058
2.50828
2.65074
2.79813
2.95061
3.10835
3.27152
3.44029
3.61484
3.79533
3.98193
4.17481
4.37414
4.5801
4.79284
5.01255
5.23938
5.47274
5.7089
5.94338
6.17168
6.3893
6.59176
6.77457
6.93322
7.06322
7.16009
7.21932
7.23643
7.20692
7.12631
6.99009
6.79564
6.54784
6.25344
5.91918
5.5518
5.15805
4.74467
4.31842
3.88603
3.45425
3.02983
2.61951
2.23004
1.86816
1.54062
1.25258
1.00289
0.788797
0.607575
0.45648
0.332774
0.233718
0.156573
0.0985997
0.05706
0.0292147
0.012325
