-180
-179.999
-179.997
-179.994
-179.988
-179.98
-179.967
-179.95
-179.927
-179.896
-179.857
-179.808
-179.747
-179.672
-179.583
-179.476
-179.352
-179.209
-179.046
-178.864
-178.66
-178.436
-178.191
-177.926
-177.642
-177.338
-177.017
-176.679
-176.326
-175.96
-175.581
-175.191
-174.792
-174.384
-173.968
-173.546
-173.117
-172.684
-172.246
-171.804
-171.358
-170.908
-170.455
-169.999
-169.54
-169.077
-168.611
-168.141
-167.669
-167.192
-166.713
-166.23
-165.744
-165.254
-164.762
-164.265
-163.766
-163.262
-162.756
-162.246
-161.732
-161.216
-160.695
-160.171
-159.644
-159.113
-158.579
-158.042
-157.502
-156.958
-156.411
-155.861
-155.308
-154.752
-154.193
-153.632
-153.067
-152.5
-151.931
-151.359
-150.785
-150.208
-149.629
-149.047
-148.464
-147.878
-147.29
-146.699
-146.107
-145.512
-144.915
-144.316
-143.716
-143.113
-142.508
-141.901
-141.292
-140.682
-140.069
-139.455
-138.839
-138.222
-137.604
-136.983
-136.362
-135.739
-135.115
-134.491
-133.865
-133.238
-132.61
-131.982
-131.352
-130.722
-130.092
-129.461
-128.829
-128.197
-127.565
-126.932
-126.299
-125.666
-125.033
-124.399
-123.766
-123.132
-122.498
-121.864
-121.23
-120.597
-119.963
-119.329
-118.696
-118.063
-117.429
-116.796
-116.163
-115.531
-114.898
-114.266
-113.634
-113.003
-112.371
-111.74
-111.11
-110.48
-109.85
-109.221
-108.592
-107.964
-107.336
-106.709
-106.083
-105.457
-104.832
-104.208
-103.584
-102.961
-102.339
-101.717
-101.097
-100.477
-99.8575
-99.2391
-98.6215
-98.0046
-97.3884
-96.773
-96.1583
-95.5443
-94.931
-94.3184
-93.7064
-93.0949
-92.4841
-91.8737
-91.2638
-90.6544
-90.0453
-89.4366
-88.8282
-88.2199
-87.6119
-87.004
-86.3962
-85.7885
-85.1808
-84.573
-83.9652
-83.3573
-82.7492
-82.1409
-81.5324
-80.9237
-80.3147
-79.7053
-79.0956
-78.4855
-77.875
-77.2641
-76.6527
-76.0408
-75.4284
-74.8155
-74.202
-73.5879
-72.9732
-72.3579
-71.742
-71.1254
-70.5082
-69.8902
-69.2716
-68.6522
-68.0321
-67.4112
-66.7896
-66.1672
-65.5439
-64.9199
-64.295
-63.6692
-63.0426
-62.4151
-61.7867
-61.1573
-60.527
-59.8958
-59.2635
-58.6303
-57.9961
-57.3608
-56.7245
-56.0871
-55.4487
-54.8092
-54.1685
-53.5267
-52.8838
-52.2397
-51.5945
-50.948
-50.3004
-49.6516
-49.0016
-48.3504
-47.698
-47.0445
-46.3899
-45.7341
-45.0772
-44.4192
-43.7602
-43.1001
-42.4391
-41.7772
-41.1143
-40.4506
-39.786
-39.1207
-38.4548
-37.7881
-37.1209
-36.4532
-35.7851
-35.1166
-34.4478
-33.7788
-33.1096
-32.4405
-31.7713
-31.1023
-30.4335
-29.7649
-29.0967
-28.4289
-27.7615
-27.0947
-26.4286
-25.7631
-25.0983
-24.4343
-23.7711
-23.1089
-22.4475
-21.7872
-21.1279
-20.4698
-19.8128
-19.157
-18.5026
-17.8495
-17.1979
-16.5478
-15.8993
-15.2524
-14.6073
-13.964
-13.3226
-12.6833
-12.0465
-11.4125
-10.7821
-10.1561
-9.5355
-8.92137
-8.31506
-7.71805
-7.13195
-6.55857
-5.99986
-5.45796
-4.93513
-4.43382
-3.95635
-3.50473
-3.08062
-2.68533
-2.31982
-1.9847
-1.68023
-1.40633
-1.16257
-0.948166
-0.761983
-0.602546
-0.468025
-0.356245
-0.264703
-0.19081
-0.132139
-0.0864385
-0.0516404
-0.0258549
-0.00737244
0.00533661
0.0136219
0.018653
0.0214198
0.0227319