21.3724
21.3748
21.3798
21.389
21.404
21.4271
21.4607
21.5076
21.5709
21.6539
21.7606
21.8949
22.0613
22.2644
22.5089
22.7983
23.1359
23.5238
23.9636
24.4561
25.0012
25.5983
26.246
26.9419
27.6831
28.4659
29.2858
30.1376
31.0153
31.913
32.8249
33.7459
34.6713
35.5968
36.5188
37.4339
38.3393
39.2328
40.1123
40.9765
41.8246
42.656
43.4708
44.2694
45.0526
45.821
46.5752
47.3159
48.0436
48.7589
49.4622
50.1541
50.8348
51.5049
52.1646
52.8144
53.4544
54.0848
54.706
55.3181
55.9212
56.5155
57.1012
57.6784
58.2472
58.8078
59.3602
59.9045
60.4408
60.9692
61.4897
62.0024
62.5073
63.0044
63.4938
63.9755
64.4495
64.9157
65.3744
65.8254
66.2688
66.7046
67.1329
67.5538
67.9672
68.3732
68.7718
69.1632
69.5472
69.9241
70.2938
70.6564
71.012
71.3605
71.7021
72.0367
72.3644
72.6853
72.9994
73.3067
73.6073
73.9012
74.1885
74.4691
74.7432
75.0106
75.2716
75.5262
75.7742
76.016
76.2514
76.4805
76.7034
76.9201
77.1307
77.3353
77.5338
77.7265
77.9133
78.0943
78.2696
78.4393
78.6034
78.762
78.9152
79.0632
79.2059
79.3435
79.4761
79.6038
79.7268
79.845
79.9586
80.0678
80.1727
80.2733
80.3698
80.4623
80.5509
80.6356
80.7165
80.7937
80.8674
80.9374
81.004
81.0672
81.1269
81.1833
81.2364
81.2863
81.3329
81.3763
81.4165
81.4537
81.4878
81.5189
81.5471
81.5724
81.5949
81.6147
81.6318
81.6464
81.6584
81.668
81.6753
81.6804
81.6832
81.684
81.6827
81.6794
81.6743
81.6672
81.6584
81.6479
81.6356
81.6217
81.6062
81.5892
81.5706
81.5505
81.529
81.506
81.4816
81.4557
81.4285
81.3998
81.3698
81.3383
81.3054
81.2711
81.2354
81.1982
81.1595
81.1192
81.0774
81.034
80.989
80.9423
80.894
80.8439
80.7921
80.7385
80.6832
80.626
80.567
80.5062
80.4434
80.3788
80.3123
80.2438
80.1734
80.101
80.0266
79.9502
79.8716
79.7909
79.708
79.6229
79.5355
79.4456
79.3534
79.2586
79.1613
79.0613
78.9585
78.8528
78.7442
78.6326
78.5179
78.3998
78.2785
78.1537
78.0253
77.8932
77.7573
77.6174
77.4735
77.3254
77.173
77.0161
76.8546
76.6884
76.5173
76.3412
76.1599
75.9734
75.7814
75.5839
75.3807
75.1717
74.9567
74.7357
74.5084
74.2747
74.0346
73.7878
73.5342
73.2737
73.0061
72.7313
72.4492
72.1596
71.8624
71.5574
71.2445
70.9234
70.5942
70.2566
69.9104
69.5556
69.1919
68.8192
68.4375
68.0464
67.6459
67.2358
66.816
66.3864
65.9467
65.4969
65.0369
64.5664
64.0853
63.5936
63.091
62.5774
62.0527
61.5167
60.9692
60.4101
59.8391
59.2561
58.6609
58.0532
57.4328
56.7995
56.1531
55.4933
54.82
54.1329
53.4325
52.7192
51.9942
51.2586
50.5142
49.763
49.0074
48.25
47.494
46.7428
46.0001
45.27
44.557
43.8659
43.2014
42.5675
41.9678
41.4051
40.8817
40.3994
39.9593
39.5619
39.2071
38.8942
38.622
38.3886
38.1915
38.0277
37.8935
37.7853
37.6993
37.6323
37.5813
37.5435
37.5164
37.4978
37.4857
37.4783
37.4743
37.4723
