-30.0246
-30.0281
-30.0354
-30.0487
-30.0707
-30.1043
-30.1532
-30.2215
-30.3137
-30.4347
-30.59
-30.7857
-31.0281
-31.324
-31.68
-32.1016
-32.5928
-33.1569
-33.7957
-34.51
-35.2994
-36.1624
-37.0962
-38.097
-39.1598
-40.2783
-41.4452
-42.6519
-43.889
-45.1466
-46.4156
-47.6878
-48.9557
-50.2126
-51.4526
-52.6707
-53.8625
-55.0245
-56.154
-57.2491
-58.3087
-59.3323
-60.3205
-61.2745
-62.1959
-63.0861
-63.9466
-64.7789
-65.5842
-66.3636
-67.1185
-67.8497
-68.5584
-69.2453
-69.9114
-70.5574
-71.1839
-71.7916
-72.3809
-72.9524
-73.5065
-74.0435
-74.564
-75.0684
-75.557
-76.0301
-76.4883
-76.9317
-77.3608
-77.7758
-78.177
-78.5648
-78.9393
-79.3008
-79.6495
-79.9858
-80.3098
-80.6217
-80.9218
-81.2103
-81.4875
-81.7535
-82.0087
-82.2532
-82.4873
-82.7111
-82.9249
-83.129
-83.3235
-83.5087
-83.6848
-83.852
-84.0104
-84.1604
-84.3021
-84.4356
-84.5612
-84.6791
-84.7894
-84.8923
-84.9879
-85.0765
-85.1582
-85.2332
-85.3016
-85.3635
-85.4191
-85.4686
-85.5121
-85.5498
-85.5818
-85.6082
-85.6293
-85.6452
-85.656
-85.6619
-85.6631
-85.6596
-85.6516
-85.6394
-85.623
-85.6026
-85.5784
-85.5505
-85.519
-85.4842
-85.4461
-85.4049
-85.3608
-85.314
-85.2645
-85.2125
-85.1582
-85.1018
-85.0433
-84.983
-84.9209
-84.8573
-84.7922
-84.7257
-84.658
-84.5891
-84.5193
-84.4485
-84.3769
-84.3045
-84.2315
-84.158
-84.0839
-84.0093
-83.9344
-83.8592
-83.7838
-83.7083
-83.6328
-83.5572
-83.4819
-83.4067
-83.3319
-83.2576
-83.1838
-83.1107
-83.0383
-82.9668
-82.8964
-82.827
-82.7589
-82.6921
-82.6267
-82.5628
-82.5005
-82.4398
-82.3809
-82.3238
-82.2685
-82.2152
-82.1638
-82.1144
-82.067
-82.0218
-81.9786
-81.9375
-81.8986
-81.8619
-81.8275
-81.7952
-81.7653
-81.7376
-81.7123
-81.6893
-81.6686
-81.6504
-81.6345
-81.6211
-81.6101
-81.6016
-81.5955
-81.5918
-81.5905
-81.5917
-81.5953
-81.6013
-81.6096
-81.6202
-81.633
-81.6481
-81.6653
-81.6847
-81.7061
-81.7294
-81.7547
-81.7817
-81.8105
-81.841
-81.8731
-81.9067
-81.9417
-81.978
-82.0156
-82.0543
-82.0941
-82.1349
-82.1765
-82.2189
-82.2619
-82.3055
-82.3495
-82.3939
-82.4385
-82.4833
-82.528
-82.5726
-82.6169
-82.6609
-82.7044
-82.7473
-82.7894
-82.8306
-82.8708
-82.9099
-82.9476
-82.9839
-83.0185
-83.0513
-83.0822
-83.1108
-83.1371
-83.1607
-83.1815
-83.1992
-83.2137
-83.2246
-83.2317
-83.2347
-83.2333
-83.2274
-83.2165
-83.2005
-83.179
-83.1519
-83.1187
-83.0792
-83.0331
-82.9802
-82.9202
-82.8528
-82.7776
-82.6945
-82.6031
-82.5031
-82.3943
-82.2762
-82.1486
-82.0112
-81.8635
-81.7052
-81.5359
-81.3553
-81.1628
-80.9582
-80.7409
-80.5105
-80.2666
-80.0087
-79.7363
-79.4489
-79.146
-78.8271
-78.4915
-78.1388
-77.7683
-77.3795
-76.9718
-76.5444
-76.0967
-75.6281
-75.1379
-74.6254
-74.0898
-73.5307
-72.9481
-72.3423
-71.7141
-71.0649
-70.3964
-69.7108
-69.0107
-68.2993
-67.5799
-66.8568
-66.1342
-65.4171
-64.7108
-64.021
-63.3535
-62.713
-62.1041
-61.5303
-60.9946
-60.4993
-60.0461
-59.6359
-59.2689
-58.9448
-58.6625
-58.4202
-58.2155
-58.0454
-57.9061
-57.7936
-57.7043
-57.6347
-57.5818
-57.5425
-57.5144
-57.4951
-57.4825
-57.4748
-57.4706
-57.4686
